1 100000
600 288
1200 292
1800 368
2400 335
3000 242
3600 316
4200 224
4800 285
5400 272
6000 198
6600 194
7200 248
7800 233
8400 169
9000 215
9600 154
10200 194
10800 0
11400 0
12000 0
12600 0
13200 0
13800 0
14400 0
15000 0
15600 0
16200 0
16800 0
17400 0
18000 0
18600 0
19200 0
19800 0
20400 0
21000 0
21600 0
22200 0
22800 0
23400 0
24000 0
24600 0
25200 0
25800 0
26400 0
27000 0
27600 0
28200 31
28800 144
29400 127
30000 199
30600 232
31200 204
31800 313
32400 270
33000 410
33600 349
34200 380
34800 424
35400 477
36000 522
36600 569
37200 404
37800 636
38400 886
39000 481
39600 637
40200 675
40800 666
41400 876
42000 420
42600 611
43200 767
43800 381
44400 531
45000 505
45600 477
46200 457
46800 436
47400 425
48000 405
48600 534
49200 392
49800 391
50400 383
51000 518
51600 384
52200 384
52800 481
53400 420
54000 390
54600 389
55200 393
55800 529
56400 397
57000 396
57600 402
58200 405
58800 409
59400 416
60000 520
60600 336
61200 443
61800 463
62400 480
63000 498
63600 515
64200 525
64800 534
65400 541
66000 547
66600 731
67200 562
67800 566
68400 577
69000 583
69600 586
70200 584
70800 590
71400 598
72000 400
72600 610
73200 409
73800 486
74400 336
75000 603
75600 399
76200 399
76800 385
77400 560
78000 378
78600 349
79200 521
79800 332
80400 322
81000 462
81600 354
82200 214
82800 392
83400 252
84000 363
84600 465
85200 335
85800 416
86400 302
87000 386
87600 276
88200 353
88800 338
89400 244
90000 314
90600 225
91200 288
91800 275
92400 196
93000 254
93600 243
94200 176
94800 230
95400 166
96000 205
96600 152
97200 0
97800 0
98400 0
99000 0
99600 0
100200 0
100800 0
101400 0
102000 0
102600 0
103200 0
103800 0
104400 0
105000 0
105600 0
106200 0
106800 0
107400 0
108000 0
108600 0
109200 0
109800 0
110400 0
111000 0
111600 0
112200 0
112800 0
113400 0
114000 0
114600 32
115200 147
115800 132
116400 202
117000 234
117600 206
118200 317
118800 268
119400 401
120000 335
120600 384
121200 424
121800 471
122400 518
123000 562
123600 601
124200 630
124800 654
125400 665
126000 894
126600 672
127200 664
127800 563
128400 572
129000 738
129600 434
130200 516
130800 532
131400 502
132000 472
132600 452
133200 437
133800 428
134400 413
135000 404
135600 400
136200 519
136800 393
137400 389
138000 388
138600 386
139200 519
139800 391
140400 389
141000 394
141600 481
142200 431
142800 403
143400 406
144000 409
144600 414
145200 414
145800 423
146400 430
147000 434
147600 448
148200 460
148800 473
149400 491
150000 513
150600 530
151200 545
151800 553
152400 554
153000 553
153600 562
154200 571
154800 593
155400 391
156000 586
156600 402
157200 605
157800 609
158400 604
159000 613
159600 619
160200 613
160800 416
161400 604
162000 599
162600 597
163200 587
163800 571
164400 749
165000 358
165600 710
166200 495
166800 480
167400 454
168000 430
168600 415
169200 399
169800 446
170400 424
171000 351
171600 459
172200 324
172800 409
173400 388
174000 280
174600 366
175200 257
175800 326
176400 279
177000 264
177600 292
178200 241
178800 242
179400 258
180000 247
180600 181
181200 235
181800 222
182400 206
183000 147
183600 0
184200 0
184800 0
185400 0
186000 0
186600 0
187200 0
187800 0
188400 0
189000 0
189600 0
190200 0
190800 0
191400 0
192000 0
192600 0
193200 0
193800 0
194400 0
195000 0
195600 0
196200 0
196800 0
197400 0
198000 0
198600 0
199200 0
199800 0
200400 0
201000 30
201600 107
202200 168
202800 147
203400 174
204000 274
204600 156
205200 262
205800 301
206400 342
207000 255
207600 375
208200 375
208800 353
209400 377
210000 399
210600 421
211200 655
211800 664
212400 897
213000 447
213600 664
214200 860
214800 624
215400 604
216000 576
216600 554
217200 524
217800 495
218400 468
219000 454
219600 436
220200 426
220800 409
221400 535
222000 396
222600 392
223200 389
223800 391
224400 517
225000 385
225600 384
226200 388
226800 383
227400 518
228000 393
228600 394
229200 398
229800 395
230400 404
231000 403
231600 414
232200 412
232800 424
233400 287
234000 448
234600 459
235200 471
235800 482
236400 504
237000 525
237600 538
238200 543
238800 551
239400 545
240000 557
240600 566
241200 769
241800 582
242400 591
243000 595
243600 602
244200 604
244800 608
245400 608
246000 812
246600 613
247200 607
247800 605
248400 595
249000 586
249600 577
250200 561
250800 549
251400 530
252000 513
252600 657
253200 468
253800 446
254400 289
255000 416
255600 392
256200 377
256800 375
257400 453
258000 337
258600 423
259200 306
259800 389
260400 374
261000 266
261600 340
262200 275
262800 287
263400 305
264000 219
264600 281
265200 199
265800 251
266400 249
267000 181
267600 233
268200 166
268800 211
269400 148
270000 0
270600 0
271200 0
271800 0
272400 0
273000 0
273600 0
274200 0
274800 0
275400 0
276000 0
276600 0
277200 0
277800 0
278400 0
279000 0
279600 0
280200 0
280800 0
281400 0
282000 0
282600 0
283200 0
283800 0
284400 0
285000 0
285600 0
286200 0
286800 0
287400 20
288000 89
288600 98
289200 79
289800 117
290400 128
291000 145
291600 119
292200 171
292800 190
293400 152
294000 221
294600 239
295200 193
295800 268
296400 210
297000 297
297600 310
298200 240
298800 333
299400 255
300000 352
300600 274
301200 369
301800 380
302400 284
303000 384
303600 386
304200 298
304800 398
305400 401
306000 306
306600 415
307200 308
307800 425
308400 323
309000 434
309600 327
310200 440
310800 446
311400 338
312000 458
312600 345
313200 373
313800 456
314400 355
315000 476
315600 240
316200 363
316800 245
317400 371
318000 243
318600 373
319200 376
319800 252
320400 379
321000 252
321600 381
322200 255
322800 384
323400 258
324000 260
324600 387
325200 264
325800 389
326400 258
327000 390
327600 259
328200 392
328800 350
329400 297
330000 257
330600 387
331200 262
331800 389
332400 383
333000 252
333600 501
334200 369
334800 491
335400 365
336000 360
336600 471
337200 461
337800 340
338400 456
339000 333
339600 441
340200 326
340800 425
341400 403
342000 315
342600 396
343200 291
343800 380
344400 370
345000 269
345600 344
346200 256
346800 337
347400 246
348000 312
348600 230
349200 297
349800 285
350400 204
351000 270
351600 194
352200 247
352800 182
353400 233
354000 224
354600 164
355200 208
355800 151
356400 0
357000 0
357600 0
358200 0
358800 0
359400 0
360000 0
360600 0
361200 0
361800 0
362400 0
363000 0
363600 0
364200 0
364800 0
365400 0
366000 0
366600 0
367200 0
367800 0
368400 0
369000 0
369600 0
370200 0
370800 0
371400 0
372000 0
372600 0
373200 0
373800 16
374400 76
375000 85
375600 68
376200 96
376800 104
377400 117
378000 128
378600 103
379200 143
379800 160
380400 168
381000 132
381600 191
382200 197
382800 155
383400 217
384000 169
384600 231
385200 183
385800 251
386400 192
387000 267
387600 269
388200 209
388800 283
389400 220
390000 301
390600 236
391200 306
391800 320
392400 244
393000 326
393600 332
394200 253
394800 341
395400 259
396000 353
396600 269
397200 360
397800 365
398400 277
399000 374
399600 378
400200 286
400800 388
401400 392
402000 299
402600 399
403200 305
403800 307
404400 405
405000 313
405600 415
406200 416
406800 321
407400 430
408000 322
408600 432
409200 321
409800 433
410400 323
411000 435
411600 326
412200 435
412800 437
413400 330
414000 437
414600 322
415200 327
415800 437
416400 329
417000 435
417600 323
418200 434
418800 324
419400 322
420000 422
420600 420
421200 307
421800 405
422400 399
423000 294
423600 391
424200 387
424800 285
425400 367
426000 276
426600 357
427200 305
427800 303
428400 338
429000 243
429600 322
430200 237
430800 304
431400 225
432000 289
432600 212
433200 277
433800 197
434400 255
435000 186
435600 240
436200 174
436800 231
437400 166
438000 212
438600 206
439200 151
439800 192
440400 182
441000 173
441600 126
442200 160
442800 0
443400 0
444000 0
444600 0
445200 0
445800 0
446400 0
447000 0
447600 0
448200 0
448800 0
449400 0
450000 0
450600 0
451200 0
451800 0
452400 0
453000 0
453600 0
454200 0
454800 0
455400 0
456000 0
456600 0
457200 0
457800 0
458400 0
459000 0
459600 0
460200 31
460800 143
461400 124
462000 193
462600 230
463200 201
463800 316
464400 268
465000 404
465600 341
466200 378
466800 429
467400 469
468000 512
468600 742
469200 597
469800 629
470400 836
471000 462
471600 891
472200 672
472800 665
473400 644
474000 629
474600 611
475200 591
475800 559
476400 530
477000 505
477600 478
478200 455
478800 436
479400 422
480000 412
480600 540
481200 390
481800 402
482400 390
483000 382
483600 383
484200 383
484800 513
485400 363
486000 409
486600 387
487200 385
487800 391
488400 388
489000 526
489600 403
490200 406
490800 410
491400 416
492000 424
492600 431
493200 445
493800 457
494400 470
495000 493
495600 515
496200 533
496800 535
497400 622
498000 470
498600 727
499200 374
499800 570
500400 582
501000 196
501600 594
502200 593
502800 596
503400 797
504000 601
504600 607
505200 610
505800 610
506400 608
507000 602
507600 596
508200 595
508800 584
509400 569
510000 546
510600 534
511200 680
511800 329
512400 466
513000 594
513600 421
514200 399
514800 387
515400 374
516000 469
516600 341
517200 430
517800 307
518400 402
519000 289
519600 363
520200 350
520800 252
521400 320
522000 252
522600 291
523200 286
523800 209
524400 268
525000 192
525600 252
526200 178
526800 227
527400 214
528000 152
528600 197
529200 0
529800 0
530400 0
531000 0
531600 0
532200 0
532800 0
533400 0
534000 0
534600 0
535200 0
535800 0
536400 0
537000 0
537600 0
538200 0
538800 0
539400 0
540000 0
540600 0
541200 0
541800 0
542400 0
543000 0
543600 0
544200 0
544800 0
545400 0
546000 0
546600 34
547200 147
547800 128
548400 198
549000 169
549600 203
550200 309
550800 267
551400 399
552000 355
552600 390
553200 287
553800 468
554400 518
555000 556
555600 599
556200 633
556800 873
557400 444
558000 667
558600 670
559200 658
559800 643
560400 626
561000 600
561600 572
562200 544
562800 505
563400 486
564000 467
564600 450
565200 435
565800 555
566400 392
567000 279
567600 524
568200 392
568800 389
569400 389
570000 387
570600 382
571200 509
571800 382
572400 385
573000 387
573600 393
574200 392
574800 391
575400 526
576000 400
576600 400
577200 410
577800 417
578400 425
579000 430
579600 445
580200 456
580800 476
581400 492
582000 516
582600 528
583200 540
583800 546
584400 551
585000 720
585600 559
586200 579
586800 767
587400 591
588000 588
588600 594
589200 401
589800 605
590400 606
591000 607
591600 796
592200 614
592800 616
593400 615
594000 596
594600 597
595200 596
595800 767
596400 558
597000 545
597600 525
598200 506
598800 489
599400 465
600000 444
600600 425
601200 539
601800 379
602400 371
603000 473
603600 336
604200 336
604800 387
605400 388
606000 282
606600 362
607200 348
607800 246
608400 322
609000 288
609600 234
610200 276
610800 200
611400 254
612000 183
612600 231
613200 222
613800 163
614400 203
615000 146
615600 0
616200 0
616800 0
617400 0
618000 0
618600 0
619200 0
619800 0
620400 0
621000 0
621600 0
622200 0
622800 0
623400 0
624000 0
624600 0
625200 0
625800 0
626400 0
627000 0
627600 0
628200 0
628800 0
629400 0
630000 0
630600 0
631200 0
631800 0
632400 0
633000 32
633600 144
634200 129
634800 198
635400 176
636000 269
636600 272
637200 313
637800 302
638400 339
639000 450
639600 500
640200 477
640800 692
641400 566
642000 602
642600 842
643200 662
643800 666
644400 449
645000 674
645600 657
646200 649
646800 634
647400 613
648000 579
648600 550
649200 518
649800 491
650400 468
651000 453
651600 439
652200 426
652800 418
653400 406
654000 536
654600 392
655200 390
655800 386
656400 388
657000 517
657600 382
658200 385
658800 389
659400 393
660000 522
660600 392
661200 397
661800 402
662400 407
663000 409
663600 553
664200 417
664800 433
665400 290
666000 301
666600 455
667200 318
667800 332
668400 339
669000 350
669600 544
670200 490
670800 244
671400 557
672000 376
672600 576
673200 195
673800 416
674400 564
675000 397
675600 602
676200 402
676800 403
677400 611
678000 409
678600 610
679200 610
679800 598
680400 599
681000 596
681600 586
682200 567
682800 553
683400 537
684000 519
684600 497
685200 473
685800 453
686400 431
687000 415
687600 393
688200 502
688800 360
689400 348
690000 370
690600 387
691200 300
691800 385
692400 376
693000 267
693600 345
694200 244
694800 317
695400 230
696000 287
696600 207
697200 264
697800 192
698400 246
699000 177
699600 227
700200 216
700800 155
701400 199
702000 0
702600 0
703200 0
703800 0
704400 0
705000 0
705600 0
706200 0
706800 0
707400 0
708000 0
708600 0
709200 0
709800 0
710400 0
711000 0
711600 0
712200 0
712800 0
713400 0
714000 0
714600 0
715200 0
715800 0
716400 0
717000 0
717600 0
718200 0
718800 0
719400 33
720000 146
720600 125
721200 198
721800 235
722400 209
723000 232
723600 357
724200 302
724800 336
725400 381
726000 428
726600 636
727200 350
727800 559
728400 809
729000 630
729600 650
730200 667
730800 673
731400 670
732000 442
732600 810
733200 683
733800 604
734400 572
735000 545
735600 517
736200 490
736800 471
737400 456
738000 441
738600 426
739200 545
739800 265
740400 26
741000 262
741600 0
742200 61
742800 0
743400 517
744000 385
744600 512
745200 387
745800 394
746400 389
747000 391
747600 394
748200 398
748800 401
749400 455
750000 369
750600 556
751200 286
751800 435
752400 445
753000 461
753600 480
754200 489
754800 519
755400 537
756000 542
756600 548
757200 552
757800 367
758400 568
759000 583
759600 385
760200 586
760800 592
761400 796
762000 600
762600 602
763200 809
763800 476
764400 744
765000 612
765600 604
766200 604
766800 798
767400 591
768000 579
768600 565
769200 554
769800 530
770400 513
771000 495
771600 478
772200 455
772800 434
773400 418
774000 532
774600 383
775200 426
775800 418
776400 338
777000 424
777600 403
778200 294
778800 374
779400 358
780000 252
780600 326
781200 238
781800 227
782400 146
783000 281
783600 133
784200 257
784800 190
785400 242
786000 174
786600 218
787200 207
787800 148
788400 0
789000 0
789600 0
790200 0
790800 0
791400 0
792000 0
792600 0
793200 0
793800 0
794400 0
795000 0
795600 0
796200 0
796800 0
797400 0
798000 0
798600 0
799200 0
799800 0
800400 0
801000 0
801600 0
802200 0
802800 0
803400 0
804000 0
804600 0
805200 0
805800 31
806400 145
807000 127
807600 199
808200 235
808800 212
809400 304
810000 268
810600 304
811200 460
811800 390
812400 435
813000 472
813600 513
814200 556
814800 799
815400 633
816000 651
816600 667
817200 667
817800 881
818400 656
819000 639
819600 623
820200 599
820800 576
821400 549
822000 345
822600 500
823200 474
823800 604
824400 434
825000 415
825600 410
826200 400
826800 396
827400 520
828000 390
828600 388
829200 386
829800 386
830400 516
831000 387
831600 385
832200 474
832800 441
833400 399
834000 400
834600 398
835200 408
835800 409
836400 411
837000 459
837600 388
838200 438
838800 450
839400 308
840000 636
840600 497
841200 511
841800 532
842400 540
843000 544
843600 366
844200 551
844800 555
845400 758
846000 584
846600 592
847200 397
847800 600
848400 601
849000 602
849600 586
850200 406
850800 607
851400 407
852000 613
852600 596
853200 585
853800 587
854400 578
855000 567
855600 544
856200 521
856800 503
857400 488
858000 468
858600 450
859200 568
859800 409
860400 386
861000 373
861600 453
862200 368
862800 331
863400 424
864000 299
864600 380
865200 279
865800 357
866400 342
867000 245
867600 316
868200 229
868800 295
869400 282
870000 204
870600 257
871200 189
871800 242
872400 228
873000 165
873600 207
874200 145
874800 0
875400 0
876000 0
876600 0
877200 0
877800 0
878400 0
879000 0
879600 0
880200 0
880800 0
881400 0
882000 0
882600 0
883200 0
883800 0
884400 0
885000 0
885600 0
886200 0
886800 0
887400 0
888000 0
888600 0
889200 0
889800 0
890400 0
891000 0
891600 0
892200 21
892800 91
893400 72
894000 106
894600 119
895200 134
895800 146
896400 120
897000 175
897600 190
898200 153
898800 221
899400 238
900000 190
900600 263
901200 214
901800 302
902400 235
903000 318
903600 250
904200 340
904800 261
905400 359
906000 365
906600 282
907200 379
907800 385
908400 290
909000 330
909600 374
910200 378
910800 345
911400 418
912000 315
912600 424
913200 325
913800 327
914400 442
915000 334
915600 449
916200 346
916800 463
917400 346
918000 470
918600 359
919200 357
919800 362
920400 487
921000 375
921600 366
922200 494
922800 375
923400 506
924000 379
924600 380
925200 382
925800 458
926400 447
927000 387
927600 387
928200 393
928800 519
929400 387
930000 392
930600 390
931200 391
931800 391
932400 391
933000 390
933600 520
934200 387
934800 386
935400 387
936000 390
936600 509
937200 384
937800 381
938400 499
939000 369
939600 366
940200 485
940800 358
941400 474
942000 350
942600 461
943200 343
943800 443
944400 327
945000 428
945600 422
946200 307
946800 403
947400 297
948000 389
948600 287
949200 372
949800 267
950400 266
951000 258
951600 251
952200 243
952800 238
953400 231
954000 222
954600 217
955200 207
955800 205
956400 197
957000 192
957600 184
958200 236
958800 169
959400 168
960000 209
960600 149
961200 0
961800 0
962400 0
963000 0
963600 0
964200 0
964800 0
965400 0
966000 0
966600 0
967200 0
967800 0
968400 0
969000 0
969600 0
970200 0
970800 0
971400 0
972000 0
972600 0
973200 0
973800 0
974400 0
975000 0
975600 0
976200 0
976800 0
977400 0
978000 0
978600 18
979200 59
979800 80
980400 90
981000 100
981600 106
982200 105
982800 110
983400 136
984000 145
984600 161
985200 128
985800 175
986400 188
987000 151
987600 206
988200 165
988800 225
989400 173
990000 241
990600 251
991200 193
991800 263
992400 237
993000 241
993600 215
994200 298
994800 298
995400 76
996000 233
996600 307
997200 241
997800 327
998400 248
999000 338
999600 345
1000200 259
1000800 357
1001400 269
1002000 362
1002600 271
1003200 369
1003800 281
1004400 374
1005000 385
1005600 293
1006200 391
1006800 398
1007400 298
1008000 401
1008600 306
1009200 410
1009800 355
1010400 373
1011000 416
1011600 315
1012200 425
1012800 320
1013400 427
1014000 321
1014600 430
1015200 432
1015800 324
1016400 433
1017000 327
1017600 435
1018200 435
1018800 326
1019400 433
1020000 328
1020600 433
1021200 326
1021800 435
1022400 323
1023000 426
1023600 320
1024200 425
1024800 317
1025400 420
1026000 310
1026600 412
1027200 395
1027800 294
1028400 393
1029000 391
1029600 289
1030200 381
1030800 275
1031400 356
1032000 352
1032600 257
1033200 334
1033800 245
1034400 328
1035000 234
1035600 306
1036200 219
1036800 288
1037400 209
1038000 275
1038600 199
1039200 263
1039800 189
1040400 242
1041000 225
1041600 188
1042200 218
1042800 213
1043400 155
1044000 202
1044600 194
1045200 181
1045800 133
1046400 172
1047000 122
1047600 0
1048200 0
1048800 0
1049400 0
1050000 0
1050600 0
1051200 0
1051800 0
1052400 0
1053000 0
1053600 0
1054200 0
1054800 0
1055400 0
1056000 0
1056600 0
1057200 0
1057800 0
1058400 0
1059000 0
1059600 0
1060200 0
1060800 0
1061400 0
1062000 0
1062600 0
1063200 0
1063800 0
1064400 0
1065000 31
1065600 142
1066200 126
1066800 196
1067400 232
1068000 202
1068600 309
1069200 265
1069800 406
1070400 344
1071000 384
1071600 422
1072200 474
1072800 517
1073400 550
1074000 788
1074600 629
1075200 648
1075800 662
1076400 669
1077000 670
1077600 665
1078200 863
1078800 631
1079400 609
1080000 581
1080600 560
1081200 534
1081800 507
1082400 635
1083000 314
1083600 589
1084200 380
1084800 460
1085400 404
1086000 400
1086600 392
1087200 393
1087800 394
1088400 517
1089000 386
1089600 388
1090200 387
1090800 393
1091400 388
1092000 389
1092600 395
1093200 397
1093800 536
1094400 406
1095000 410
1095600 418
1096200 422
1096800 430
1097400 438
1098000 452
1098600 469
1099200 477
1099800 493
1100400 515
1101000 530
1101600 542
1102200 548
1102800 555
1103400 751
1104000 571
1104600 584
1105200 589
1105800 595
1106400 599
1107000 803
1107600 405
1108200 604
1108800 611
1109400 616
1110000 622
1110600 619
1111200 615
1111800 406
1112400 616
1113000 597
1113600 591
1114200 581
1114800 564
1115400 553
1116000 531
1116600 504
1117200 480
1117800 454
1118400 431
1119000 414
1119600 522
1120200 373
1120800 357
1121400 347
1122000 442
1122600 419
1123200 297
1123800 383
1124400 280
1125000 353
1125600 342
1126200 249
1126800 325
1127400 307
1128000 219
1128600 282
1129200 202
1129800 258
1130400 188
1131000 241
1131600 174
1132200 217
1132800 156
1133400 195
1134000 0
1134600 0
1135200 0
1135800 0
1136400 0
1137000 0
1137600 0
1138200 0
1138800 0
1139400 0
1140000 0
1140600 0
1141200 0
1141800 0
1142400 0
1143000 0
1143600 0
1144200 0
1144800 0
1145400 0
1146000 0
1146600 0
1147200 0
1147800 0
1148400 0
1149000 0
1149600 0
1150200 0
1150800 0
1151400 31
1152000 145
1152600 128
1153200 198
1153800 234
1154400 276
1155000 237
1155600 263
1156200 399
1156800 463
1157400 387
1158000 428
1158600 479
1159200 529
1159800 566
1160400 406
1161000 631
1161600 652
1162200 662
1162800 448
1163400 672
1164000 664
1164600 646
1165200 627
1165800 598
1166400 570
1167000 371
1167600 526
1168200 498
1168800 478
1169400 458
1170000 563
1170600 388
1171200 469
1171800 406
1172400 399
1173000 395
1173600 521
1174200 389
1174800 385
1175400 391
1176000 519
1176600 386
1177200 394
1177800 523
1178400 392
1179000 396
1179600 398
1180200 525
1180800 407
1181400 407
1182000 414
1182600 420
1183200 572
1183800 438
1184400 453
1185000 463
1185600 475
1186200 497
1186800 517
1187400 528
1188000 539
1188600 544
1189200 553
1189800 560
1190400 564
1191000 588
1191600 494
1192200 300
1192800 586
1193400 612
1194000 404
1194600 608
1195200 200
1195800 776
1196400 452
1197000 615
1197600 619
1198200 608
1198800 811
1199400 599
1200000 583
1200600 585
1201200 556
1201800 721
1202400 510
1203000 494
1203600 473
1204200 449
1204800 433
1205400 424
1206000 394
1206600 377
1207200 489
1207800 346
1208400 352
1209000 406
1209600 400
1210200 291
1210800 372
1211400 265
1212000 345
1212600 249
1213200 321
1213800 231
1214400 295
1215000 283
1215600 202
1216200 258
1216800 249
1217400 178
1218000 172
1218600 222
1219200 210
1219800 148
1220400 0
1221000 0
1221600 0
1222200 0
1222800 0
1223400 0
1224000 0
1224600 0
1225200 0
1225800 0
1226400 0
1227000 0
1227600 0
1228200 0
1228800 0
1229400 0
1230000 0
1230600 0
1231200 0
1231800 0
1232400 0
1233000 0
1233600 0
1234200 0
1234800 0
1235400 0
1236000 0
1236600 0
1237200 0
1237800 32
1238400 146
1239000 125
1239600 192
1240200 234
1240800 205
1241400 310
1242000 266
1242600 403
1243200 431
1243800 388
1244400 440
1245000 318
1245600 521
1246200 756
1246800 611
1247400 640
1248000 658
1248600 671
1249200 446
1249800 893
1250400 657
1251000 429
1251600 629
1252200 606
1252800 575
1253400 551
1254000 523
1254600 500
1255200 476
1255800 457
1256400 437
1257000 424
1257600 413
1258200 402
1258800 527
1259400 400
1260000 394
1260600 392
1261200 387
1261800 492
1262400 427
1263000 384
1263600 391
1264200 387
1264800 393
1265400 406
1266000 516
1266600 402
1267200 411
1267800 412
1268400 416
1269000 423
1269600 432
1270200 440
1270800 452
1271400 463
1272000 482
1272600 662
1273200 346
1273800 531
1274400 540
1275000 548
1275600 530
1276200 551
1276800 566
1277400 582
1278000 388
1278600 794
1279200 197
1279800 596
1280400 606
1281000 610
1281600 612
1282200 619
1282800 620
1283400 455
1284000 575
1284600 821
1285200 401
1285800 596
1286400 754
1287000 565
1287600 555
1288200 533
1288800 513
1289400 499
1290000 473
1290600 450
1291200 436
1291800 415
1292400 385
1293000 504
1293600 364
1294200 350
1294800 445
1295400 316
1296000 394
1296600 378
1297200 273
1297800 357
1298400 297
1299000 283
1299600 237
1300200 311
1300800 219
1301400 280
1302000 266
1302600 189
1303200 249
1303800 235
1304400 171
1305000 218
1305600 154
1306200 190
1306800 0
1307400 0
1308000 0
1308600 0
1309200 0
1309800 0
1310400 0
1311000 0
1311600 0
1312200 0
1312800 0
1313400 0
1314000 0
1314600 0
1315200 0
1315800 0
1316400 0
1317000 0
1317600 0
1318200 0
1318800 0
1319400 0
1320000 0
1320600 0
1321200 0
1321800 0
1322400 0
1323000 0
1323600 0
1324200 32
1324800 146
1325400 130
1326000 202
1326600 238
1327200 203
1327800 235
1328400 361
1329000 308
1329600 463
1330200 389
1330800 577
1331400 478
1332000 518
1332600 568
1333200 607
1333800 637
1334400 656
1335000 660
1335600 672
1336200 674
1336800 664
1337400 648
1338000 626
1338600 600
1339200 572
1339800 545
1340400 515
1341000 493
1341600 472
1342200 452
1342800 434
1343400 417
1344000 411
1344600 405
1345200 401
1345800 431
1346400 354
1347000 514
1347600 380
1348200 381
1348800 380
1349400 383
1350000 388
1350600 386
1351200 518
1351800 397
1352400 400
1353000 402
1353600 401
1354200 411
1354800 411
1355400 416
1356000 431
1356600 436
1357200 446
1357800 458
1358400 476
1359000 496
1359600 512
1360200 524
1360800 715
1361400 547
1362000 555
1362600 557
1363200 382
1363800 575
1364400 392
1365000 589
1365600 397
1366200 599
1366800 800
1367400 404
1368000 412
1368600 409
1369200 409
1369800 413
1370400 203
1371000 407
1371600 403
1372200 399
1372800 390
1373400 377
1374000 366
1374600 355
1375200 340
1375800 325
1376400 315
1377000 447
1377600 287
1378200 278
1378800 265
1379400 377
1380000 242
1380600 235
1381200 337
1381800 315
1382400 202
1383000 290
1383600 250
1384200 211
1384800 261
1385400 249
1386000 238
1386600 227
1387200 221
1387800 283
1388400 201
1389000 258
1389600 251
1390200 181
1390800 228
1391400 165
1392000 211
1392600 150
1393200 0
1393800 0
1394400 0
1395000 0
1395600 0
1396200 0
1396800 0
1397400 0
1398000 0
1398600 0
1399200 0
1399800 0
1400400 0
1401000 0
1401600 0
1402200 0
1402800 0
1403400 0
1404000 0
1404600 0
1405200 0
1405800 0
1406400 0
1407000 0
1407600 0
1408200 0
1408800 0
1409400 0
1410000 0
1410600 31
1411200 142
1411800 127
1412400 196
1413000 233
1413600 205
1414200 313
1414800 330
1415400 333
1416000 342
1416600 380
1417200 426
1417800 476
1418400 501
1419000 368
1419600 397
1420200 419
1420800 429
1421400 438
1422000 441
1422600 435
1423200 429
1423800 210
1424400 608
1425000 385
1425600 561
1426200 535
1426800 502
1427400 479
1428000 465
1428600 439
1429200 427
1429800 416
1430400 402
1431000 399
1431600 392
1432200 514
1432800 385
1433400 384
1434000 384
1434600 516
1435200 390
1435800 387
1436400 390
1437000 393
1437600 389
1438200 395
1438800 398
1439400 400
1440000 544
1440600 271
1441200 547
1441800 335
1442400 367
1443000 432
1443600 596
1444200 460
1444800 627
1445400 324
1446000 609
1446600 590
1447200 529
1447800 536
1448400 536
1449000 723
1449600 370
1450200 567
1450800 773
1451400 578
1452000 394
1452600 592
1453200 395
1453800 607
1454400 604
1455000 406
1455600 401
1456200 811
1456800 406
1457400 607
1458000 581
1458600 780
1459200 573
1459800 747
1460400 544
1461000 528
1461600 336
1462200 617
1462800 345
1463400 606
1464000 429
1464600 410
1465200 392
1465800 380
1466400 486
1467000 354
1467600 445
1468200 319
1468800 406
1469400 386
1470000 279
1470600 355
1471200 346
1471800 248
1472400 320
1473000 227
1473600 291
1474200 277
1474800 200
1475400 254
1476000 253
1476600 182
1477200 233
1477800 225
1478400 155
1479000 202
1479600 0
1480200 0
1480800 0
1481400 0
1482000 0
1482600 0
1483200 0
1483800 0
1484400 0
1485000 0
1485600 0
1486200 0
1486800 0
1487400 0
1488000 0
1488600 0
1489200 0
1489800 0
1490400 0
1491000 0
1491600 0
1492200 0
1492800 0
1493400 0
1494000 0
1494600 0
1495200 0
1495800 0
1496400 0
1497000 20
1497600 87
1498200 79
1498800 103
1499400 117
1500000 130
1500600 139
1501200 115
1501800 166
1502400 184
1503000 152
1503600 212
1504200 228
1504800 184
1505400 261
1506000 203
1506600 285
1507200 303
1507800 233
1508400 324
1509000 250
1509600 342
1510200 260
1510800 357
1511400 361
1512000 281
1512600 370
1513200 371
1513800 283
1514400 387
1515000 394
1515600 293
1516200 390
1516800 399
1517400 303
1518000 408
1518600 307
1519200 446
1519800 313
1520400 320
1521000 438
1521600 327
1522200 436
1522800 325
1523400 338
1524000 337
1524600 479
1525200 350
1525800 351
1526400 477
1527000 356
1527600 367
1528200 449
1528800 361
1529400 362
1530000 361
1530600 495
1531200 366
1531800 381
1532400 378
1533000 375
1533600 467
1534200 379
1534800 382
1535400 376
1536000 385
1536600 385
1537200 381
1537800 516
1538400 374
1539000 386
1539600 389
1540200 385
1540800 377
1541400 385
1542000 500
1542600 382
1543200 376
1543800 370
1544400 365
1545000 488
1545600 355
1546200 445
1546800 366
1547400 344
1548000 452
1548600 328
1549200 428
1549800 438
1550400 317
1551000 409
1551600 409
1552200 297
1552800 382
1553400 373
1554000 274
1554600 352
1555200 262
1555800 343
1556400 249
1557000 320
1557600 314
1558200 233
1558800 296
1559400 213
1560000 270
1560600 198
1561200 257
1561800 244
1562400 180
1563000 236
1563600 221
1564200 213
1564800 159
1565400 202
1566000 0
1566600 0
1567200 0
1567800 0
1568400 0
1569000 0
1569600 0
1570200 0
1570800 0
1571400 0
1572000 0
1572600 0
1573200 0
1573800 0
1574400 0
1575000 0
1575600 0
1576200 0
1576800 0
1577400 0
1578000 0
1578600 0
1579200 0
1579800 0
1580400 0
1581000 0
1581600 0
1582200 0
1582800 0
1583400 17
1584000 75
1584600 84
1585200 68
1585800 100
1586400 108
1587000 115
1587600 98
1588200 130
1588800 141
1589400 158
1590000 126
1590600 174
1591200 188
1591800 149
1592400 208
1593000 165
1593600 228
1594200 176
1594800 238
1595400 188
1596000 258
1596600 266
1597200 206
1597800 276
1598400 290
1599000 219
1599600 298
1600200 231
1600800 308
1601400 247
1602000 313
1602600 327
1603200 246
1603800 336
1604400 260
1605000 347
1605600 356
1606200 272
1606800 363
1607400 272
1608000 370
1608600 369
1609200 287
1609800 390
1610400 290
1611000 390
1611600 401
1612200 299
1612800 306
1613400 410
1614000 313
1614600 415
1615200 315
1615800 420
1616400 425
1617000 320
1617600 434
1618200 323
1618800 437
1619400 325
1620000 436
1620600 326
1621200 438
1621800 329
1622400 433
1623000 329
1623600 435
1624200 328
1624800 434
1625400 371
1626000 391
1626600 324
1627200 428
1627800 320
1628400 428
1629000 320
1629600 418
1630200 309
1630800 409
1631400 304
1632000 400
1632600 394
1633200 289
1633800 378
1634400 283
1635000 371
1635600 363
1636200 264
1636800 343
1637400 250
1638000 327
1638600 240
1639200 311
1639800 232
1640400 301
1641000 217
1641600 288
1642200 211
1642800 274
1643400 199
1644000 256
1644600 245
1645200 182
1645800 235
1646400 168
1647000 217
1647600 158
1648200 200
1648800 197
1649400 143
1650000 182
1650600 174
1651200 169
1651800 120
1652400 0
1653000 0
1653600 0
1654200 0
1654800 0
1655400 0
1656000 0
1656600 0
1657200 0
1657800 0
1658400 0
1659000 0
1659600 0
1660200 0
1660800 0
1661400 0
1662000 0
1662600 0
1663200 0
1663800 0
1664400 0
1665000 0
1665600 0
1666200 0
1666800 0
1667400 0
1668000 0
1668600 0
1669200 0
1669800 31
1670400 107
1671000 167
1671600 198
1672200 232
1672800 202
1673400 318
1674000 268
1674600 403
1675200 341
1675800 514
1676400 358
1677000 554
1677600 521
1678200 372
1678800 795
1679400 626
1680000 648
1680600 661
1681200 472
1681800 844
1682400 652
1683000 632
1683600 614
1684200 585
1684800 565
1685400 535
1686000 510
1686600 484
1687200 466
1687800 448
1688400 432
1689000 424
1689600 410
1690200 541
1690800 399
1691400 391
1692000 388
1692600 403
1693200 502
1693800 390
1694400 389
1695000 389
1695600 524
1696200 395
1696800 390
1697400 398
1698000 401
1698600 403
1699200 405
1699800 408
1700400 411
1701000 421
1701600 428
1702200 436
1702800 446
1703400 463
1704000 477
1704600 498
1705200 509
1705800 526
1706400 537
1707000 725
1707600 551
1708200 553
1708800 562
1709400 578
1710000 586
1710600 589
1711200 397
1711800 798
1712400 605
1713000 817
1713600 615
1714200 615
1714800 412
1715400 627
1716000 611
1716600 748
1717200 679
1717800 604
1718400 597
1719000 584
1719600 560
1720200 605
1720800 643
1721400 498
1722000 477
1722600 450
1723200 428
1723800 406
1724400 387
1725000 381
1725600 470
1726200 343
1726800 332
1727400 316
1728000 300
1728600 288
1729200 187
1729800 274
1730400 259
1731000 243
1731600 238
1732200 225
1732800 216
1733400 207
1734000 201
1734600 193
1735200 188
1735800 238
1736400 171
1737000 162
1737600 155
1738200 148
1738800 0
1739400 0
1740000 0
1740600 0
1741200 0
1741800 0
1742400 0
1743000 0
1743600 0
1744200 0
1744800 0
1745400 0
1746000 0
1746600 0
1747200 0
1747800 0
1748400 0
1749000 0
1749600 0
1750200 0
1750800 0
1751400 0
1752000 0
1752600 0
1753200 0
1753800 0
1754400 0
1755000 0
1755600 0
1756200 31
1756800 141
1757400 127
1758000 195
1758600 231
1759200 200
1759800 313
1760400 270
1761000 401
1761600 345
1762200 380
1762800 423
1763400 472
1764000 344
1764600 372
1765200 601
1765800 628
1766400 644
1767000 439
1767600 670
1768200 667
1768800 654
1769400 644
1770000 624
1770600 597
1771200 568
1771800 400
1772400 480
1773000 490
1773600 468
1774200 451
1774800 433
1775400 416
1776000 402
1776600 401
1777200 391
1777800 393
1778400 388
1779000 512
1779600 385
1780200 382
1780800 383
1781400 387
1782000 384
1782600 387
1783200 388
1783800 499
1784400 426
1785000 401
1785600 402
1786200 405
1786800 414
1787400 416
1788000 427
1788600 431
1789200 446
1789800 460
1790400 474
1791000 492
1791600 513
1792200 532
1792800 617
1793400 464
1794000 547
1794600 369
1795200 567
1795800 579
1796400 780
1797000 590
1797600 595
1798200 597
1798800 597
1799400 604
1800000 612
1800600 609
1801200 615
1801800 616
1802400 508
1803000 724
1803600 588
1804200 421
1804800 783
1805400 577
1806000 561
1806600 544
1807200 524
1807800 367
1808400 449
1809000 451
1809600 441
1810200 567
1810800 393
1811400 377
1812000 363
1812600 461
1813200 333
1813800 418
1814400 305
1815000 387
1815600 281
1816200 358
1816800 341
1817400 243
1818000 240
1818600 303
1819200 288
1819800 205
1820400 250
1821000 204
1821600 247
1822200 175
1822800 171
1823400 223
1824000 207
1824600 147
1825200 0
1825800 0
1826400 0
1827000 0
1827600 0
1828200 0
1828800 0
1829400 0
1830000 0
1830600 0
1831200 0
1831800 0
1832400 0
1833000 0
1833600 0
1834200 0
1834800 0
1835400 0
1836000 0
1836600 0
1837200 0
1837800 0
1838400 0
1839000 0
1839600 0
1840200 0
1840800 0
1841400 0
1842000 0
1842600 32
1843200 149
1843800 129
1844400 201
1845000 235
1845600 205
1846200 310
1846800 266
1847400 398
1848000 337
1848600 412
1849200 537
1849800 317
1850400 685
1851000 198
1851600 502
1852200 286
1852800 430
1853400 438
1854000 445
1854600 441
1855200 433
1855800 420
1856400 408
1857000 395
1857600 375
1858200 179
1858800 340
1859400 324
1860000 309
1860600 297
1861200 439
1861800 280
1862400 273
1863000 401
1863600 263
1864200 401
1864800 258
1865400 257
1866000 383
1866600 255
1867200 382
1867800 259
1868400 387
1869000 392
1869600 390
1870200 388
1870800 528
1871400 401
1872000 405
1872600 411
1873200 413
1873800 419
1874400 428
1875000 440
1875600 451
1876200 459
1876800 316
1877400 658
1878000 512
1878600 425
1879200 635
1879800 364
1880400 547
1881000 548
1881600 562
1882200 574
1882800 575
1883400 590
1884000 399
1884600 603
1885200 735
1885800 687
1886400 629
1887000 612
1887600 613
1888200 620
1888800 823
1889400 613
1890000 609
1890600 595
1891200 395
1891800 572
1892400 372
1893000 535
1893600 531
1894200 330
1894800 475
1895400 454
1896000 441
1896600 417
1897200 528
1897800 376
1898400 364
1899000 350
1899600 447
1900200 318
1900800 398
1901400 344
1902000 315
1902600 355
1903200 257
1903800 328
1904400 319
1905000 229
1905600 291
1906200 212
1906800 269
1907400 248
1908000 185
1908600 178
1909200 232
1909800 164
1910400 210
1911000 148
1911600 0
1912200 0
1912800 0
1913400 0
1914000 0
1914600 0
1915200 0
1915800 0
1916400 0
1917000 0
1917600 0
1918200 0
1918800 0
1919400 0
1920000 0
1920600 0
1921200 0
1921800 0
1922400 0
1923000 0
1923600 0
1924200 0
1924800 0
1925400 0
1926000 0
1926600 0
1927200 0
1927800 0
1928400 0
1929000 31
1929600 142
1930200 126
1930800 195
1931400 170
1932000 271
1932600 317
1933200 273
1933800 409
1934400 364
1935000 492
1935600 287
1936200 470
1936800 626
1937400 499
1938000 733
1938600 626
1939200 649
1939800 655
1940400 659
1941000 652
1941600 644
1942200 632
1942800 819
1943400 395
1944000 562
1944600 534
1945200 507
1945800 485
1946400 465
1947000 445
1947600 426
1948200 415
1948800 402
1949400 399
1950000 394
1950600 389
1951200 516
1951800 386
1952400 387
1953000 385
1953600 448
1954200 449
1954800 387
1955400 390
1956000 394
1956600 393
1957200 531
1957800 398
1958400 402
1959000 406
1959600 417
1960200 420
1960800 424
1961400 433
1962000 446
1962600 459
1963200 471
1963800 603
1964400 561
1965000 527
1965600 450
1966200 618
1966800 529
1967400 549
1968000 554
1968600 565
1969200 770
1969800 580
1970400 588
1971000 796
1971600 599
1972200 601
1972800 410
1973400 613
1974000 613
1974600 825
1975200 616
1975800 616
1976400 611
1977000 611
1977600 395
1978200 589
1978800 563
1979400 536
1980000 523
1980600 496
1981200 479
1981800 442
1982400 437
1983000 531
1983600 388
1984200 380
1984800 363
1985400 484
1986000 337
1986600 431
1987200 304
1987800 393
1988400 280
1989000 352
1989600 340
1990200 248
1990800 319
1991400 230
1992000 289
1992600 210
1993200 270
1993800 191
1994400 249
1995000 237
1995600 169
1996200 217
1996800 204
1997400 148
1998000 0
1998600 0
1999200 0
1999800 0
2000400 0
2001000 0
2001600 0
2002200 0
2002800 0
2003400 0
2004000 0
2004600 0
2005200 0
2005800 0
2006400 0
2007000 0
2007600 0
2008200 0
2008800 0
2009400 0
2010000 0
2010600 0
2011200 0
2011800 0
2012400 0
2013000 0
2013600 0
2014200 0
2014800 0
2015400 30
2016000 145
2016600 129
2017200 200
2017800 237
2018400 205
2019000 311
2019600 270
2020200 300
2020800 452
2021400 437
2022000 523
2022600 473
2023200 526
2023800 373
2024400 587
2025000 674
2025600 596
2026200 652
2026800 652
2027400 648
2028000 639
2028600 570
2029200 444
2029800 579
2030400 538
2031000 526
2031600 504
2032200 475
2032800 307
2033400 590
2034000 431
2034600 419
2035200 404
2035800 393
2036400 401
2037000 526
2037600 260
2038200 521
2038800 387
2039400 400
2040000 391
2040600 396
2041200 390
2041800 393
2042400 393
2043000 407
2043600 405
2044200 406
2044800 407
2045400 410
2046000 417
2046600 428
2047200 432
2047800 436
2048400 446
2049000 459
2049600 638
2050200 486
2050800 337
2051400 517
2052000 530
2052600 537
2053200 544
2053800 364
2054400 562
2055000 571
2055600 570
2056200 394
2056800 591
2057400 561
2058000 441
2058600 600
2059200 601
2059800 606
2060400 610
2061000 597
2061600 602
2062200 598
2062800 404
2063400 579
2064000 570
2064600 557
2065200 520
2065800 690
2066400 488
2067000 329
2067600 613
2068200 429
2068800 415
2069400 398
2070000 490
2070600 367
2071200 351
2071800 443
2072400 362
2073000 357
2073600 355
2074200 392
2074800 276
2075400 353
2076000 291
2076600 296
2077200 304
2077800 231
2078400 297
2079000 282
2079600 203
2080200 260
2080800 188
2081400 240
2082000 172
2082600 199
2083200 205
2083800 152
2084400 0
2085000 0
2085600 0
2086200 0
2086800 0
2087400 0
2088000 0
2088600 0
2089200 0
2089800 0
2090400 0
2091000 0
2091600 0
2092200 0
2092800 0
2093400 0
2094000 0
2094600 0
2095200 0
2095800 0
2096400 0
2097000 0
2097600 0
2098200 0
2098800 0
2099400 0
2100000 0
2100600 0
2101200 0
2101800 21
2102400 88
2103000 73
2103600 108
2104200 118
2104800 129
2105400 148
2106000 121
2106600 174
2107200 187
2107800 206
2108400 162
2109000 237
2109600 186
2110200 263
2110800 282
2111400 219
2112000 305
2112600 236
2113200 326
2113800 343
2114400 263
2115000 355
2115600 272
2116200 372
2116800 285
2117400 384
2118000 387
2118600 295
2119200 399
2119800 301
2120400 406
2121000 311
2121600 310
2122200 421
2122800 422
2123400 321
2124000 433
2124600 327
2125200 442
2125800 334
2126400 342
2127000 464
2127600 350
2128200 351
2128800 467
2129400 356
2130000 360
2130600 363
2131200 366
2131800 242
2132400 368
2133000 247
2133600 377
2134200 249
2134800 382
2135400 254
2136000 381
2136600 253
2137200 382
2137800 256
2138400 254
2139000 385
2139600 256
2140200 388
2140800 258
2141400 374
2142000 256
2142600 258
2143200 387
2143800 258
2144400 384
2145000 255
2145600 347
2146200 285
2146800 377
2147400 247
2148000 368
2148600 241
2149200 283
2149800 316
2150400 469
2151000 346
2151600 458
2152200 338
2152800 446
2153400 328
2154000 430
2154600 317
2155200 419
2155800 416
2156400 337
2157000 360
2157600 384
2158200 280
2158800 364
2159400 265
2160000 344
2160600 335
2161200 247
2161800 316
2162400 234
2163000 299
2163600 217
2164200 280
2164800 199
2165400 260
2166000 188
2166600 241
2167200 235
2167800 172
2168400 221
2169000 214
2169600 152
2170200 194
2170800 0
2171400 0
2172000 0
2172600 0
2173200 0
2173800 0
2174400 0
2175000 0
2175600 0
2176200 0
2176800 0
2177400 0
2178000 0
2178600 0
2179200 0
2179800 0
2180400 0
2181000 0
2181600 0
2182200 0
2182800 0
2183400 0
2184000 0
2184600 0
2185200 0
2185800 0
2186400 0
2187000 0
2187600 0
2188200 18
2188800 79
2189400 82
2190000 69
2190600 98
2191200 107
2191800 116
2192400 128
2193000 102
2193600 143
2194200 157
2194800 169
2195400 131
2196000 188
2196600 197
2197200 156
2197800 217
2198400 226
2199000 172
2199600 243
2200200 189
2200800 256
2201400 198
2202000 267
2202600 205
2203200 285
2203800 222
2204400 294
2205000 303
2205600 230
2206200 316
2206800 319
2207400 246
2208000 327
2208600 250
2209200 342
2209800 256
2210400 347
2211000 352
2211600 263
2212200 361
2212800 365
2213400 278
2214000 379
2214600 283
2215200 385
2215800 388
2216400 293
2217000 388
2217600 312
2218200 387
2218800 402
2219400 306
2220000 413
2220600 308
2221200 314
2221800 422
2222400 314
2223000 424
2223600 318
2224200 360
2224800 389
2225400 428
2226000 322
2226600 430
2227200 322
2227800 433
2228400 433
2229000 323
2229600 422
2230200 321
2230800 426
2231400 317
2232000 424
2232600 315
2233200 416
2233800 414
2234400 309
2235000 409
2235600 304
2236200 402
2236800 393
2237400 294
2238000 383
2238600 373
2239200 283
2239800 362
2240400 269
2241000 354
2241600 259
2242200 338
2242800 248
2243400 320
2244000 241
2244600 300
2245200 225
2245800 294
2246400 289
2247000 211
2247600 273
2248200 196
2248800 252
2249400 245
2250000 181
2250600 233
2251200 170
2251800 218
2252400 211
2253000 152
2253600 198
2254200 190
2254800 138
2255400 175
2256000 167
2256600 122
2257200 0
2257800 0
2258400 0
2259000 0
2259600 0
2260200 0
2260800 0
2261400 0
2262000 0
2262600 0
2263200 0
2263800 0
2264400 0
2265000 0
2265600 0
2266200 0
2266800 0
2267400 0
2268000 0
2268600 0
2269200 0
2269800 0
2270400 0
2271000 0
2271600 0
2272200 0
2272800 0
2273400 0
2274000 0
2274600 17
2275200 72
2275800 85
2276400 66
2277000 98
2277600 106
2278200 113
2278800 92
2279400 132
2280000 144
2280600 154
2281200 124
2281800 171
2282400 185
2283000 196
2283600 153
2284200 211
2284800 218
2285400 169
2286000 237
2286600 242
2287200 187
2287800 259
2288400 192
2289000 262
2289600 204
2290200 278
2290800 282
2291400 217
2292000 294
2292600 300
2293200 231
2293800 311
2294400 275
2295000 282
2295600 317
2296200 256
2296800 339
2297400 256
2298000 342
2298600 263
2299200 352
2299800 266
2300400 359
2301000 363
2301600 274
2302200 369
2302800 375
2303400 280
2304000 377
2304600 286
2305200 386
2305800 293
2306400 389
2307000 392
2307600 300
2308200 394
2308800 297
2309400 394
2310000 300
2310600 403
2311200 406
2311800 309
2312400 404
2313000 308
2313600 412
2314200 413
2314800 307
2315400 408
2316000 312
2316600 413
2317200 308
2317800 401
2318400 403
2319000 302
2319600 395
2320200 397
2320800 299
2321400 392
2322000 294
2322600 385
2323200 366
2323800 287
2324400 277
2325000 366
2325600 358
2326200 261
2326800 346
2327400 254
2328000 335
2328600 243
2329200 324
2329800 234
2330400 311
2331000 304
2331600 222
2332200 220
2332800 212
2333400 270
2334000 204
2334600 261
2335200 249
2335800 187
2336400 239
2337000 234
2337600 169
2338200 222
2338800 214
2339400 154
2340000 202
2340600 191
2341200 142
2341800 179
2342400 174
2343000 121
2343600 0
2344200 0
2344800 0
2345400 0
2346000 0
2346600 0
2347200 0
2347800 0
2348400 0
2349000 0
2349600 0
2350200 0
2350800 0
2351400 0
2352000 0
2352600 0
2353200 0
2353800 0
2354400 0
2355000 0
2355600 0
2356200 0
2356800 0
2357400 0
2358000 0
2358600 0
2359200 0
2359800 0
2360400 0
2361000 29
2361600 137
2362200 121
2362800 185
2363400 220
2364000 254
2364600 217
2365200 324
2365800 273
2366400 298
2367000 326
2367600 485
2368200 396
2368800 426
2369400 459
2370000 484
2370600 497
2371200 516
2371800 526
2372400 528
2373000 702
2373600 344
2374200 507
2374800 497
2375400 479
2376000 469
2376600 450
2377200 431
2377800 421
2378400 413
2379000 398
2379600 389
2380200 256
2380800 499
2381400 370
2382000 367
2382600 362
2383200 477
2383800 361
2384400 362
2385000 355
2385600 484
2386200 365
2386800 369
2387400 487
2388000 368
2388600 369
2389200 370
2389800 372
2390400 458
2391000 409
2391600 376
2392200 384
2392800 388
2393400 390
2394000 394
2394600 537
2395200 396
2395800 300
2396400 424
2397000 435
2397600 442
2398200 458
2398800 463
2399400 461
2400000 482
2400600 489
2401200 503
2401800 507
2402400 509
2403000 508
2403600 530
2404200 704
2404800 542
2405400 546
2406000 548
2406600 398
2407200 514
2407800 731
2408400 550
2409000 546
2409600 532
2410200 521
2410800 509
2411400 482
2412000 468
2412600 307
2413200 582
2413800 420
2414400 403
2415000 383
2415600 370
2416200 364
2416800 344
2417400 333
2418000 432
2418600 304
2419200 394
2419800 382
2420400 276
2421000 351
2421600 287
2422200 293
2422800 311
2423400 223
2424000 220
2424600 277
2425200 267
2425800 194
2426400 247
2427000 178
2427600 228
2428200 166
2428800 207
2429400 197
2430000 0
2430600 0
2431200 0
2431800 0
2432400 0
2433000 0
2433600 0
2434200 0
2434800 0
2435400 0
2436000 0
2436600 0
2437200 0
2437800 0
2438400 0
2439000 0
2439600 0
2440200 0
2440800 0
2441400 0
2442000 0
2442600 0
2443200 0
2443800 0
2444400 0
2445000 0
2445600 0
2446200 0
2446800 0
2447400 29
2448000 137
2448600 120
2449200 185
2449800 225
2450400 192
2451000 283
2451600 327
2452200 274
2452800 400
2453400 411
2454000 405
2454600 400
2455200 429
2455800 452
2456400 483
2457000 503
2457600 518
2458200 531
2458800 533
2459400 525
2460000 514
2460600 509
2461200 496
2461800 484
2462400 384
2463000 535
2463600 293
2464200 563
2464800 411
2465400 394
2466000 389
2466600 379
2467200 380
2467800 495
2468400 368
2469000 363
2469600 481
2470200 359
2470800 359
2471400 484
2472000 362
2472600 364
2473200 486
2473800 364
2474400 482
2475000 364
2475600 367
2476200 371
2476800 493
2477400 371
2478000 377
2478600 382
2479200 384
2479800 390
2480400 530
2481000 401
2481600 406
2482200 416
2482800 422
2483400 432
2484000 445
2484600 455
2485200 305
2485800 467
2486400 479
2487000 486
2487600 335
2488200 507
2488800 683
2489400 525
2490000 528
2490600 542
2491200 542
2491800 550
2492400 550
2493000 548
2493600 548
2494200 543
2494800 545
2495400 545
2496000 530
2496600 530
2497200 517
2497800 494
2498400 479
2499000 464
2499600 450
2500200 431
2500800 413
2501400 530
2502000 374
2502600 363
2503200 468
2503800 337
2504400 428
2505000 304
2505600 392
2506200 376
2506800 275
2507400 348
2508000 253
2508600 328
2509200 234
2509800 296
2510400 226
2511000 258
2511600 265
2512200 190
2512800 247
2513400 177
2514000 225
2514600 159
2515200 201
2515800 147
2516400 0
2517000 0
2517600 0
2518200 0
2518800 0
2519400 0
2520000 0
2520600 0
2521200 0
2521800 0
2522400 0
2523000 0
2523600 0
2524200 0
2524800 0
2525400 0
2526000 0
2526600 0
2527200 0
2527800 0
2528400 0
2529000 0
2529600 0
2530200 0
2530800 0
2531400 0
2532000 0
2532600 0
2533200 0
2533800 29
2534400 134
2535000 118
2535600 184
2536200 220
2536800 189
2537400 286
2538000 324
2538600 276
2539200 402
2539800 334
2540400 361
2541000 394
2541600 567
2542200 455
2542800 478
2543400 504
2544000 518
2544600 531
2545200 530
2545800 662
2546400 563
2547000 510
2547600 329
2548200 483
2548800 467
2549400 456
2550000 441
2550600 568
2551200 310
2551800 506
2552400 391
2553000 389
2553600 381
2554200 499
2554800 372
2555400 369
2556000 367
2556600 482
2557200 359
2557800 361
2558400 483
2559000 362
2559600 366
2560200 487
2560800 366
2561400 365
2562000 369
2562600 375
2563200 499
2563800 374
2564400 380
2565000 385
2565600 384
2566200 393
2566800 395
2567400 401
2568000 409
2568600 419
2569200 426
2569800 440
2570400 567
2571000 487
2571600 463
2572200 471
2572800 482
2573400 325
2574000 502
2574600 506
2575200 517
2575800 518
2576400 533
2577000 538
2577600 552
2578200 557
2578800 679
2579400 434
2580000 555
2580600 553
2581200 548
2581800 541
2582400 531
2583000 341
2583600 497
2584200 485
2584800 467
2585400 449
2586000 437
2586600 420
2587200 405
2587800 388
2588400 372
2589000 479
2589600 342
2590200 442
2590800 318
2591400 405
2592000 394
2592600 288
2593200 366
2593800 355
2594400 255
2595000 328
2595600 235
2596200 304
2596800 218
2597400 280
2598000 202
2598600 257
2599200 247
2599800 172
2600400 169
2601000 219
2601600 204
2602200 146
2602800 0
2603400 0
2604000 0
2604600 0
2605200 0
2605800 0
2606400 0
2607000 0
2607600 0
2608200 0
2608800 0
2609400 0
2610000 0
2610600 0
2611200 0
2611800 0
2612400 0
2613000 0
2613600 0
2614200 0
2614800 0
2615400 0
2616000 0
2616600 0
2617200 0
2617800 0
2618400 0
2619000 0
2619600 0
2620200 29
2620800 132
2621400 116
2622000 186
2622600 216
2623200 185
2623800 283
2624400 318
2625000 271
2625600 294
2626200 432
2626800 360
2627400 527
2628000 283
2628600 603
2629200 323
2629800 667
2630400 345
2631000 526
2631600 529
2632200 528
2632800 521
2633400 504
2634000 492
2634600 478
2635200 460
2635800 444
2636400 425
2637000 419
2637600 408
2638200 530
2638800 387
2639400 383
2640000 378
2640600 370
2641200 485
2641800 358
2642400 358
2643000 359
2643600 480
2644200 362
2644800 364
2645400 484
2646000 363
2646600 363
2647200 369
2647800 490
2648400 367
2649000 368
2649600 375
2650200 508
2650800 379
2651400 388
2652000 394
2652600 397
2653200 399
2653800 407
2654400 407
2655000 416
2655600 426
2656200 437
2656800 451
2657400 455
2658000 462
2658600 471
2659200 483
2659800 491
2660400 670
2661000 508
2661600 507
2662200 526
2662800 533
2663400 545
2664000 548
2664600 369
2665200 736
2665800 551
2666400 548
2667000 544
2667600 539
2668200 531
2668800 520
2669400 515
2670000 335
2670600 486
2671200 469
2671800 448
2672400 426
2673000 534
2673600 396
2674200 377
2674800 369
2675400 473
2676000 344
2676600 432
2677200 316
2677800 406
2678400 297
2679000 385
2679600 369
2680200 266
2680800 341
2681400 249
2682000 319
2682600 297
2683200 234
2683800 214
2684400 270
2685000 195
2685600 246
2686200 178
2686800 228
2687400 166
2688000 206
2688600 193
2689200 0
2689800 0
2690400 0
2691000 0
2691600 0
2692200 0
2692800 0
2693400 0
2694000 0
2694600 0
2695200 0
2695800 0
2696400 0
2697000 0
2697600 0
2698200 0
2698800 0
2699400 0
2700000 0
2700600 0
2701200 0
2701800 0
2702400 0
2703000 0
2703600 0
2704200 0
2704800 0
2705400 0
2706000 0
2706600 19
2707200 87
2707800 96
2708400 80
2709000 119
2709600 126
2710200 143
2710800 119
2711400 170
2712000 187
2712600 150
2713200 212
2713800 234
2714400 188
2715000 261
2715600 206
2716200 291
2716800 300
2717400 233
2718000 329
2718600 250
2719200 344
2719800 357
2720400 272
2721000 372
2721600 377
2722200 285
2722800 383
2723400 296
2724000 397
2724600 299
2725200 407
2725800 310
2726400 417
2727000 418
2727600 317
2728200 425
2728800 318
2729400 435
2730000 328
2730600 335
2731200 337
2731800 458
2732400 347
2733000 349
2733600 351
2734200 475
2734800 360
2735400 361
2736000 481
2736600 367
2737200 365
2737800 493
2738400 367
2739000 374
2739600 500
2740200 376
2740800 369
2741400 505
2742000 374
2742600 376
2743200 382
2743800 510
2744400 379
2745000 384
2745600 385
2746200 383
2746800 508
2747400 381
2748000 382
2748600 381
2749200 505
2749800 378
2750400 374
2751000 498
2751600 372
2752200 491
2752800 364
2753400 425
2754000 413
2754600 348
2755200 463
2755800 455
2756400 337
2757000 439
2757600 326
2758200 431
2758800 315
2759400 411
2760000 404
2760600 299
2761200 391
2761800 383
2762400 279
2763000 369
2763600 264
2764200 341
2764800 252
2765400 327
2766000 240
2766600 315
2767200 298
2767800 217
2768400 281
2769000 204
2769600 261
2770200 253
2770800 187
2771400 235
2772000 230
2772600 163
2773200 209
2773800 152
2774400 146
2775000 187
2775600 0
2776200 0
2776800 0
2777400 0
2778000 0
2778600 0
2779200 0
2779800 0
2780400 0
2781000 0
2781600 0
2782200 0
2782800 0
2783400 0
2784000 0
2784600 0
2785200 0
2785800 0
2786400 0
2787000 0
2787600 0
2788200 0
2788800 0
2789400 0
2790000 0
2790600 0
2791200 0
2791800 0
2792400 0
2793000 16
2793600 74
2794200 84
2794800 69
2795400 99
2796000 105
2796600 110
2797200 124
2797800 99
2798400 145
2799000 153
2799600 165
2800200 128
2800800 186
2801400 195
2802000 204
2802600 163
2803200 219
2803800 227
2804400 179
2805000 247
2805600 190
2806200 262
2806800 201
2807400 275
2808000 212
2808600 289
2809200 296
2809800 301
2810400 231
2811000 313
2811600 242
2812200 326
2812800 334
2813400 255
2814000 341
2814600 260
2815200 349
2815800 354
2816400 268
2817000 364
2817600 275
2818200 369
2818800 283
2819400 385
2820000 385
2820600 291
2821200 334
2821800 362
2822400 402
2823000 304
2823600 404
2824200 307
2824800 415
2825400 412
2826000 316
2826600 422
2827200 318
2827800 423
2828400 320
2829000 426
2829600 319
2830200 428
2830800 322
2831400 428
2832000 323
2832600 432
2833200 325
2833800 342
2834400 417
2835000 320
2835600 426
2836200 317
2836800 427
2837400 316
2838000 374
2838600 364
2839200 312
2839800 408
2840400 406
2841000 302
2841600 395
2842200 385
2842800 290
2843400 380
2844000 372
2844600 275
2845200 357
2845800 348
2846400 259
2847000 295
2847600 292
2848200 322
2848800 234
2849400 309
2850000 300
2850600 222
2851200 289
2851800 207
2852400 201
2853000 265
2853600 254
2854200 183
2854800 179
2855400 236
2856000 224
2856600 163
2857200 208
2857800 153
2858400 197
2859000 190
2859600 136
2860200 176
2860800 167
2861400 120
2862000 0
2862600 0
2863200 0
2863800 0
2864400 0
2865000 0
2865600 0
2866200 0
2866800 0
2867400 0
2868000 0
2868600 0
2869200 0
2869800 0
2870400 0
2871000 0
2871600 0
2872200 0
2872800 0
2873400 0
2874000 0
2874600 0
2875200 0
2875800 0
2876400 0
2877000 0
2877600 0
2878200 0
2878800 0
2879400 17
2880000 76
2880600 80
2881200 66
2881800 99
2882400 105
2883000 114
2883600 124
2884200 97
2884800 138
2885400 153
2886000 121
2886600 169
2887200 184
2887800 145
2888400 200
2889000 208
2889600 162
2890200 224
2890800 174
2891400 239
2892000 245
2892600 192
2893200 259
2893800 264
2894400 205
2895000 275
2895600 212
2896200 287
2896800 216
2897400 292
2898000 225
2898600 301
2899200 306
2899800 238
2900400 320
2901000 241
2901600 330
2902200 334
2902800 255
2903400 345
2904000 351
2904600 304
2905200 315
2905800 356
2906400 272
2907000 367
2907600 369
2908200 284
2908800 377
2909400 381
2910000 291
2910600 388
2911200 337
2911800 353
2912400 397
2913000 299
2913600 299
2914200 405
2914800 406
2915400 301
2916000 308
2916600 404
2917200 314
2917800 407
2918400 309
2919000 404
2919600 406
2920200 305
2920800 404
2921400 404
2922000 303
2922600 402
2923200 408
2923800 304
2924400 401
2925000 300
2925600 395
2926200 391
2926800 291
2927400 382
2928000 381
2928600 287
2929200 368
2929800 274
2930400 359
2931000 353
2931600 258
2932200 338
2932800 248
2933400 330
2934000 240
2934600 313
2935200 309
2935800 225
2936400 295
2937000 287
2937600 210
2938200 274
2938800 200
2939400 193
2940000 188
2940600 183
2941200 236
2941800 233
2942400 169
2943000 220
2943600 210
2944200 155
2944800 202
2945400 144
2946000 187
2946600 179
2947200 150
2947800 141
2948400 0
2949000 0
2949600 0
2950200 0
2950800 0
2951400 0
2952000 0
2952600 0
2953200 0
2953800 0
2954400 0
2955000 0
2955600 0
2956200 0
2956800 0
2957400 0
2958000 0
2958600 0
2959200 0
2959800 0
2960400 0
2961000 0
2961600 0
2962200 0
2962800 0
2963400 0
2964000 0
2964600 0
2965200 0
2965800 31
2966400 143
2967000 128
2967600 192
2968200 236
2968800 204
2969400 318
2970000 269
2970600 300
2971200 457
2971800 386
2972400 426
2973000 471
2973600 341
2974200 370
2974800 601
2975400 417
2976000 647
2976600 659
2977200 662
2977800 662
2978400 650
2979000 638
2979600 622
2980200 597
2980800 576
2981400 544
2982000 515
2982600 491
2983200 473
2983800 451
2984400 432
2985000 557
2985600 404
2986200 397
2986800 393
2987400 390
2988000 517
2988600 383
2989200 379
2989800 378
2990400 379
2991000 508
2991600 385
2992200 388
2992800 390
2993400 394
2994000 527
2994600 398
2995200 400
2995800 405
2996400 412
2997000 419
2997600 423
2998200 433
2998800 445
2999400 464
3000000 474
3000600 497
3001200 514
3001800 530
3002400 543
3003000 546
3003600 548
3004200 555
3004800 757
3005400 579
3006000 586
3006600 792
3007200 596
3007800 463
3008400 331
3009000 605
3009600 535
3010200 691
3010800 611
3011400 613
3012000 617
3012600 609
3013200 603
3013800 596
3014400 587
3015000 559
3015600 547
3016200 525
3016800 507
3017400 483
3018000 450
3018600 444
3019200 421
3019800 401
3020400 385
3021000 492
3021600 354
3022200 451
3022800 326
3023400 411
3024000 294
3024600 376
3025200 362
3025800 260
3026400 337
3027000 241
3027600 316
3028200 229
3028800 290
3029400 261
3030000 211
3030600 256
3031200 188
3031800 235
3032400 229
3033000 160
3033600 207
3034200 148
3034800 0
3035400 0
3036000 0
3036600 0
3037200 0
3037800 0
3038400 0
3039000 0
3039600 0
3040200 0
3040800 0
3041400 0
3042000 0
3042600 0
3043200 0
3043800 0
3044400 0
3045000 0
3045600 0
3046200 0
3046800 0
3047400 0
3048000 0
3048600 0
3049200 0
3049800 0
3050400 0
3051000 0
3051600 0
3052200 31
3052800 147
3053400 129
3054000 196
3054600 233
3055200 203
3055800 314
3056400 269
3057000 302
3057600 337
3058200 510
3058800 430
3059400 475
3060000 523
3060600 373
3061200 596
3061800 419
3062400 874
3063000 666
3063600 448
3064200 445
3064800 654
3065400 763
3066000 508
3066600 798
3067200 566
3067800 537
3068400 509
3069000 488
3069600 311
3070200 448
3070800 430
3071400 425
3072000 528
3072600 400
3073200 394
3073800 385
3074400 404
3075000 496
3075600 384
3076200 383
3076800 387
3077400 384
3078000 489
3078600 418
3079200 392
3079800 396
3080400 400
3081000 401
3081600 407
3082200 410
3082800 416
3083400 422
3084000 426
3084600 439
3085200 446
3085800 466
3086400 478
3087000 495
3087600 686
3088200 533
3088800 544
3089400 400
3090000 698
3090600 555
3091200 552
3091800 598
3092400 395
3093000 395
3093600 599
3094200 600
3094800 608
3095400 788
3096000 646
3096600 621
3097200 838
3097800 463
3098400 782
3099000 612
3099600 612
3100200 601
3100800 394
3101400 581
3102000 745
3102600 537
3103200 520
3103800 499
3104400 477
3105000 457
3105600 431
3106200 411
3106800 520
3107400 368
3108000 354
3108600 454
3109200 327
3109800 414
3110400 395
3111000 287
3111600 369
3112200 267
3112800 258
3113400 325
3114000 237
3114600 301
3115200 216
3115800 277
3116400 199
3117000 257
3117600 247
3118200 175
3118800 231
3119400 164
3120000 200
3120600 146
3121200 0
3121800 0
3122400 0
3123000 0
3123600 0
3124200 0
3124800 0
3125400 0
3126000 0
3126600 0
3127200 0
3127800 0
3128400 0
3129000 0
3129600 0
3130200 0
3130800 0
3131400 0
3132000 0
3132600 0
3133200 0
3133800 0
3134400 0
3135000 0
3135600 0
3136200 0
3136800 0
3137400 0
3138000 0
3138600 33
3139200 151
3139800 127
3140400 202
3141000 240
3141600 210
3142200 316
3142800 368
3143400 308
3144000 343
3144600 378
3145200 423
3145800 473
3146400 697
3147000 570
3147600 604
3148200 633
3148800 651
3149400 662
3150000 666
3150600 443
3151200 658
3151800 642
3152400 623
3153000 594
3153600 391
3154200 532
3154800 513
3155400 482
3156000 460
3156600 445
3157200 429
3157800 417
3158400 537
3159000 396
3159600 394
3160200 385
3160800 386
3161400 383
3162000 384
3162600 388
3163200 515
3163800 383
3164400 389
3165000 390
3165600 390
3166200 398
3166800 401
3167400 404
3168000 407
3168600 412
3169200 430
3169800 405
3170400 429
3171000 582
3171600 452
3172200 314
3172800 478
3173400 495
3174000 687
3174600 355
3175200 365
3175800 547
3176400 548
3177000 557
3177600 569
3178200 773
3178800 392
3179400 595
3180000 402
3180600 607
3181200 604
3181800 406
3182400 409
3183000 753
3183600 498
3184200 832
3184800 620
3185400 608
3186000 607
3186600 601
3187200 588
3187800 567
3188400 545
3189000 523
3189600 508
3190200 487
3190800 467
3191400 444
3192000 423
3192600 540
3193200 382
3193800 366
3194400 352
3195000 454
3195600 322
3196200 415
3196800 390
3197400 286
3198000 366
3198600 265
3199200 343
3199800 247
3200400 312
3201000 222
3201600 285
3202200 205
3202800 261
3203400 251
3204000 184
3204600 200
3205200 199
3205800 216
3206400 202
3207000 146
3207600 0
3208200 0
3208800 0
3209400 0
3210000 0
3210600 0
3211200 0
3211800 0
3212400 0
3213000 0
3213600 0
3214200 0
3214800 0
3215400 0
3216000 0
3216600 0
3217200 0
3217800 0
3218400 0
3219000 0
3219600 0
3220200 0
3220800 0
3221400 0
3222000 0
3222600 0
3223200 0
3223800 0
3224400 0
3225000 31
3225600 145
3226200 128
3226800 196
3227400 236
3228000 202
3228600 314
3229200 270
3229800 406
3230400 343
3231000 380
3231600 431
3232200 477
3232800 523
3233400 416
3234000 754
3234600 421
3235200 650
3235800 662
3236400 455
3237000 662
3237600 651
3238200 660
3238800 625
3239400 602
3240000 579
3240600 546
3241200 517
3241800 487
3242400 467
3243000 448
3243600 408
3244200 414
3244800 533
3245400 393
3246000 391
3246600 388
3247200 397
3247800 384
3248400 500
3249000 388
3249600 382
3250200 382
3250800 519
3251400 382
3252000 388
3252600 394
3253200 393
3253800 531
3254400 401
3255000 406
3255600 410
3256200 416
3256800 426
3257400 433
3258000 442
3258600 459
3259200 473
3259800 489
3260400 511
3261000 523
3261600 666
3262200 594
3262800 548
3263400 552
3264000 567
3264600 575
3265200 589
3265800 593
3266400 596
3267000 594
3267600 602
3268200 604
3268800 616
3269400 617
3270000 821
3270600 613
3271200 611
3271800 607
3272400 734
3273000 657
3273600 576
3274200 560
3274800 553
3275400 522
3276000 499
3276600 481
3277200 459
3277800 439
3278400 420
3279000 398
3279600 506
3280200 245
3280800 356
3281400 451
3282000 437
3282600 311
3283200 395
3283800 285
3284400 363
3285000 270
3285600 345
3286200 247
3286800 313
3287400 224
3288000 291
3288600 272
3289200 198
3289800 252
3290400 185
3291000 232
3291600 168
3292200 213
3292800 204
3293400 147
3294000 0
3294600 0
3295200 0
3295800 0
3296400 0
3297000 0
3297600 0
3298200 0
3298800 0
3299400 0
3300000 0
3300600 0
3301200 0
3301800 0
3302400 0
3303000 0
3303600 0
3304200 0
3304800 0
3305400 0
3306000 0
3306600 0
3307200 0
3307800 0
3308400 0
3309000 0
3309600 0
3310200 0
3310800 0
3311400 15
3312000 62
3312600 68
3313200 56
3313800 83
3314400 89
3315000 100
3315600 111
3316200 119
3316800 98
3317400 141
3318000 154
3318600 163
3319200 132
3319800 184
3320400 192
3321000 154
3321600 215
3322200 168
3322800 231
3323400 238
3324000 185
3324600 250
3325200 128
3325800 64
3326400 0
3327000 0
3327600 309
3328200 295
3328800 396
3329400 402
3330000 169
3330600 305
3331200 408
3331800 359
3332400 320
3333000 427
3333600 356
3334200 405
3334800 445
3335400 363
3336000 431
3336600 457
3337200 348
3337800 465
3338400 469
3339000 352
3339600 358
3340200 478
3340800 361
3341400 485
3342000 363
3342600 486
3343200 367
3343800 474
3344400 391
3345000 494
3345600 371
3346200 378
3346800 501
3347400 373
3348000 392
3348600 377
3349200 506
3349800 377
3350400 378
3351000 375
3351600 374
3352200 376
3352800 512
3353400 384
3354000 374
3354600 374
3355200 254
3355800 500
3356400 371
3357000 373
3357600 366
3358200 479
3358800 350
3359400 350
3360000 463
3360600 346
3361200 454
3361800 315
3362400 241
3363000 302
3363600 224
3364200 313
3364800 286
3365400 207
3366000 266
3366600 273
3367200 200
3367800 257
3368400 254
3369000 242
3369600 191
3370200 234
3370800 173
3371400 219
3372000 218
3372600 155
3373200 202
3373800 195
3374400 141
3375000 186
3375600 136
3376200 168
3376800 126
3377400 162
3378000 155
3378600 149
3379200 110
3379800 138
3380400 0
3381000 0
3381600 0
3382200 0
3382800 0
3383400 0
3384000 0
3384600 0
3385200 0
3385800 0
3386400 0
3387000 0
3387600 0
3388200 0
3388800 0
3389400 0
3390000 0
3390600 0
3391200 0
3391800 0
3392400 0
3393000 0
3393600 0
3394200 0
3394800 0
3395400 0
3396000 0
3396600 0
3397200 0
3397800 13
3398400 53
3399000 58
3399600 47
3400200 67
3400800 74
3401400 80
3402000 87
3402600 93
3403200 101
3403800 83
3404400 117
3405000 122
3405600 133
3406200 105
3406800 146
3407400 153
3408000 156
3408600 122
3409200 171
3409800 174
3410400 178
3411000 139
3411600 191
3412200 147
3412800 198
3413400 152
3414000 205
3414600 158
3415200 215
3415800 217
3416400 168
3417000 228
3417600 234
3418200 179
3418800 242
3419400 181
3420000 245
3420600 184
3421200 254
3421800 193
3422400 261
3423000 260
3423600 199
3424200 272
3424800 204
3425400 274
3426000 206
3426600 275
3427200 281
3427800 212
3428400 282
3429000 286
3429600 216
3430200 289
3430800 296
3431400 223
3432000 297
3432600 295
3433200 300
3433800 225
3434400 304
3435000 226
3435600 304
3436200 302
3436800 227
3437400 301
3438000 303
3438600 230
3439200 303
3439800 229
3440400 303
3441000 299
3441600 225
3442200 297
3442800 283
3443400 238
3444000 295
3444600 216
3445200 286
3445800 280
3446400 210
3447000 208
3447600 272
3448200 201
3448800 262
3449400 258
3450000 192
3450600 251
3451200 183
3451800 241
3452400 176
3453000 231
3453600 225
3454200 163
3454800 217
3455400 207
3456000 154
3456600 197
3457200 159
3457800 170
3458400 182
3459000 172
3459600 128
3460200 167
3460800 159
3461400 116
3462000 154
3462600 147
3463200 140
3463800 102
3464400 128
3465000 125
3465600 118
3466200 85
3466800 0
3467400 0
3468000 0
3468600 0
3469200 0
3469800 0
3470400 0
3471000 0
3471600 0
3472200 0
3472800 0
3473400 0
3474000 0
3474600 0
3475200 0
3475800 0
3476400 0
3477000 0
3477600 0
3478200 0
3478800 0
3479400 0
3480000 0
3480600 0
3481200 0
3481800 0
3482400 0
3483000 0
3483600 0
3484200 21
3484800 102
3485400 87
3486000 136
3486600 160
3487200 139
3487800 212
3488400 248
3489000 207
3489600 311
3490200 352
3490800 300
3491400 326
3492000 359
3492600 514
3493200 417
3493800 531
3494400 507
3495000 467
3495600 470
3496200 465
3496800 465
3497400 613
3498000 447
3498600 437
3499200 422
3499800 451
3500400 454
3501000 358
3501600 339
3502200 430
3502800 310
3503400 302
3504000 389
3504600 288
3505200 372
3505800 274
3506400 361
3507000 271
3507600 359
3508200 265
3508800 355
3509400 269
3510000 362
3510600 272
3511200 274
3511800 366
3512400 281
3513000 374
3513600 285
3514200 288
3514800 389
3515400 297
3516000 300
3516600 302
3517200 309
3517800 322
3518400 334
3519000 348
3519600 364
3520200 374
3520800 384
3521400 520
3522000 390
3522600 526
3523200 397
3523800 545
3524400 413
3525000 419
3525600 465
3526200 525
3526800 572
3527400 433
3528000 433
3528600 585
3529200 438
3529800 589
3530400 443
3531000 584
3531600 435
3532200 429
3532800 419
3533400 412
3534000 510
3534600 392
3535200 382
3535800 351
3536400 340
3537000 324
3537600 405
3538200 288
3538800 366
3539400 266
3540000 337
3540600 323
3541200 310
3541800 225
3542400 282
3543000 269
3543600 193
3544200 248
3544800 237
3545400 175
3546000 223
3546600 211
3547200 152
3547800 195
3548400 140
3549000 181
3549600 183
3550200 20
3550800 94
3551400 216
3552000 21
3552600 176
3553200 0
3553800 0
3554400 0
3555000 0
3555600 0
3556200 0
3556800 0
3557400 0
3558000 0
3558600 0
3559200 0
3559800 0
3560400 0
3561000 0
3561600 0
3562200 0
3562800 0
3563400 0
3564000 0
3564600 0
3565200 0
3565800 0
3566400 0
3567000 0
3567600 0
3568200 0
3568800 0
3569400 0
3570000 0
3570600 31
3571200 140
3571800 124
3572400 197
3573000 233
3573600 202
3574200 309
3574800 267
3575400 403
3576000 336
3576600 379
3577200 563
3577800 463
3578400 518
3579000 557
3579600 744
3580200 475
3580800 644
3581400 878
3582000 670
3582600 664
3583200 875
3583800 430
3584400 627
3585000 814
3585600 582
3586200 554
3586800 688
3587400 489
3588000 468
3588600 596
3589200 434
3589800 564
3590400 406
3591000 530
3591600 391
3592200 517
3592800 508
3593400 380
3594000 506
3594600 382
3595200 512
3595800 511
3596400 387
3597000 388
3597600 517
3598200 523
3598800 398
3599400 400
3600000 536
3600600 412
3601200 552
3601800 423
3602400 424
3603000 431
3603600 442
3604200 614
3604800 482
3605400 334
3606000 688
3606600 527
3607200 539
3607800 545
3608400 550
3609000 563
3609600 565
3610200 629
3610800 733
3611400 594
3612000 600
3612600 598
3613200 802
3613800 404
3614400 764
3615000 661
3615600 618
3616200 615
3616800 616
3617400 615
3618000 405
3618600 402
3619200 593
3619800 385
3620400 372
3621000 366
3621600 348
3622200 492
3622800 314
3623400 298
3624000 426
3624600 543
3625200 392
3625800 496
3626400 357
3627000 457
3627600 433
3628200 316
3628800 402
3629400 287
3630000 367
3630600 262
3631200 339
3631800 244
3632400 314
3633000 303
3633600 219
3634200 282
3634800 218
3635400 240
3636000 250
3636600 240
3637200 173
3637800 220
3638400 208
3639000 147
3639600 0
3640200 0
3640800 0
3641400 0
3642000 0
3642600 0
3643200 0
3643800 0
3644400 0
3645000 0
3645600 0
3646200 0
3646800 0
3647400 0
3648000 0
3648600 0
3649200 0
3649800 0
3650400 0
3651000 0
3651600 0
3652200 0
3652800 0
3653400 0
3654000 0
3654600 0
3655200 0
3655800 0
3656400 0
3657000 30
3657600 144
3658200 125
3658800 195
3659400 236
3660000 204
3660600 316
3661200 325
3661800 350
3662400 462
3663000 385
3663600 420
3664200 638
3664800 526
3665400 566
3666000 605
3666600 631
3667200 654
3667800 664
3668400 668
3669000 666
3669600 660
3670200 651
3670800 628
3671400 609
3672000 753
3672600 564
3673200 517
3673800 498
3674400 516
3675000 563
3675600 437
3676200 560
3676800 412
3677400 497
3678000 427
3678600 517
3679200 386
3679800 513
3680400 514
3681000 386
3681600 514
3682200 494
3682800 406
3683400 519
3684000 393
3684600 526
3685200 399
3685800 534
3686400 400
3687000 545
3687600 415
3688200 417
3688800 427
3689400 583
3690000 449
3690600 461
3691200 479
3691800 502
3692400 517
3693000 526
3693600 539
3694200 733
3694800 367
3695400 556
3696000 567
3696600 769
3697200 586
3697800 594
3698400 604
3699000 606
3699600 666
3700200 762
3700800 617
3701400 620
3702000 618
3702600 619
3703200 414
3703800 613
3704400 609
3705000 674
3705600 711
3706200 577
3706800 739
3707400 531
3708000 513
3708600 490
3709200 472
3709800 451
3710400 572
3711000 412
3711600 515
3712200 491
3712800 354
3713400 463
3714000 333
3714600 425
3715200 404
3715800 290
3716400 371
3717000 266
3717600 341
3718200 332
3718800 241
3719400 308
3720000 220
3720600 282
3721200 202
3721800 258
3722400 191
3723000 243
3723600 230
3724200 165
3724800 210
3725400 200
3726000 0
3726600 0
3727200 0
3727800 0
3728400 0
3729000 0
3729600 0
3730200 0
3730800 0
3731400 0
3732000 0
3732600 0
3733200 0
3733800 0
3734400 0
3735000 0
3735600 0
3736200 0
3736800 0
3737400 0
3738000 0
3738600 0
3739200 0
3739800 0
3740400 0
3741000 0
3741600 0
3742200 0
3742800 0
3743400 31
3744000 145
3744600 128
3745200 199
3745800 233
3746400 205
3747000 315
3747600 266
3748200 406
3748800 461
3749400 257
3750000 429
3750600 475
3751200 518
3751800 559
3752400 601
3753000 628
3753600 745
3754200 789
3754800 679
3755400 682
3756000 667
3756600 655
3757200 629
3757800 612
3758400 786
3759000 555
3759600 527
3760200 497
3760800 473
3761400 458
3762000 584
3762600 423
3763200 408
3763800 530
3764400 527
3765000 394
3765600 521
3766200 387
3766800 516
3767400 392
3768000 513
3768600 387
3769200 520
3769800 391
3770400 521
3771000 525
3771600 403
3772200 538
3772800 407
3773400 409
3774000 414
3774600 563
3775200 429
3775800 438
3776400 446
3777000 465
3777600 476
3778200 505
3778800 526
3779400 535
3780000 545
3780600 550
3781200 555
3781800 565
3782400 570
3783000 580
3783600 587
3784200 594
3784800 600
3785400 602
3786000 611
3786600 616
3787200 625
3787800 419
3788400 631
3789000 625
3789600 623
3790200 614
3790800 610
3791400 717
3792000 682
3792600 380
3793200 742
3793800 538
3794400 523
3795000 500
3795600 478
3796200 612
3796800 429
3797400 551
3798000 394
3798600 499
3799200 364
3799800 467
3800400 445
3801000 318
3801600 411
3802200 296
3802800 374
3803400 356
3804000 258
3804600 327
3805200 237
3805800 306
3806400 219
3807000 282
3807600 270
3808200 255
3808800 192
3809400 240
3810000 226
3810600 160
3811200 210
3811800 201
3812400 0
3813000 0
3813600 0
3814200 0
3814800 0
3815400 0
3816000 0
3816600 0
3817200 0
3817800 0
3818400 0
3819000 0
3819600 0
3820200 0
3820800 0
3821400 0
3822000 0
3822600 0
3823200 0
3823800 0
3824400 0
3825000 0
3825600 0
3826200 0
3826800 0
3827400 0
3828000 0
3828600 0
3829200 0
3829800 32
3830400 144
3831000 125
3831600 197
3832200 177
3832800 270
3833400 318
3834000 271
3834600 402
3835200 343
3835800 513
3836400 436
3837000 480
3837600 525
3838200 569
3838800 604
3839400 672
3840000 828
3840600 671
3841200 669
3841800 667
3842400 656
3843000 643
3843600 622
3844200 599
3844800 578
3845400 719
3846000 513
3846600 490
3847200 619
3847800 446
3848400 432
3849000 559
3849600 407
3850200 532
3850800 391
3851400 516
3852000 385
3852600 510
3853200 378
3853800 509
3854400 472
3855000 415
3855600 382
3856200 509
3856800 509
3857400 386
3858000 517
3858600 395
3859200 527
3859800 538
3860400 413
3861000 557
3861600 429
3862200 436
3862800 448
3863400 622
3864000 478
3864600 498
3865200 515
3865800 532
3866400 541
3867000 552
3867600 554
3868200 614
3868800 697
3869400 382
3870000 770
3870600 395
3871200 796
3871800 599
3872400 605
3873000 613
3873600 616
3874200 616
3874800 410
3875400 619
3876000 826
3876600 612
3877200 612
3877800 599
3878400 788
3879000 651
3879600 663
3880200 538
3880800 515
3881400 493
3882000 636
3882600 459
3883200 574
3883800 409
3884400 397
3885000 505
3885600 478
3886200 346
3886800 395
3887400 366
3888000 401
3888600 290
3889200 369
3889800 272
3890400 344
3891000 327
3891600 236
3892200 309
3892800 225
3893400 217
3894000 273
3894600 263
3895200 192
3895800 244
3896400 232
3897000 220
3897600 159
3898200 203
3898800 0
3899400 0
3900000 0
3900600 0
3901200 0
3901800 0
3902400 0
3903000 0
3903600 0
3904200 0
3904800 0
3905400 0
3906000 0
3906600 0
3907200 0
3907800 0
3908400 0
3909000 0
3909600 0
3910200 0
3910800 0
3911400 0
3912000 0
3912600 0
3913200 0
3913800 0
3914400 0
3915000 0
3915600 0
3916200 21
3916800 89
3917400 96
3918000 81
3918600 118
3919200 133
3919800 146
3920400 136
3921000 157
3921600 190
3922200 207
3922800 165
3923400 236
3924000 188
3924600 272
3925200 279
3925800 222
3926400 305
3927000 238
3927600 328
3928200 256
3928800 354
3929400 271
3930000 368
3930600 284
3931200 382
3931800 288
3932400 388
3933000 298
3933600 406
3934200 363
3934800 354
3935400 309
3936000 416
3936600 319
3937200 430
3937800 322
3938400 437
3939000 333
3939600 448
3940200 342
3940800 459
3941400 462
3942000 351
3942600 475
3943200 356
3943800 481
3944400 364
3945000 489
3945600 369
3946200 492
3946800 497
3947400 378
3948000 505
3948600 382
3949200 510
3949800 382
3950400 381
3951000 512
3951600 388
3952200 516
3952800 389
3953400 519
3954000 523
3954600 392
3955200 395
3955800 519
3956400 522
3957000 393
3957600 519
3958200 391
3958800 518
3959400 385
3960000 513
3960600 385
3961200 509
3961800 506
3962400 377
3963000 488
3963600 367
3964200 483
3964800 356
3965400 472
3966000 465
3966600 346
3967200 457
3967800 332
3968400 433
3969000 322
3969600 422
3970200 411
3970800 299
3971400 395
3972000 293
3972600 378
3973200 277
3973800 362
3974400 263
3975000 342
3975600 252
3976200 327
3976800 284
3977400 260
3978000 301
3978600 214
3979200 275
3979800 203
3980400 261
3981000 188
3981600 244
3982200 236
3982800 165
3983400 213
3984000 206
3984600 146
3985200 0
3985800 0
3986400 0
3987000 0
3987600 0
3988200 0
3988800 0
3989400 0
3990000 0
3990600 0
3991200 0
3991800 0
3992400 0
3993000 0
3993600 0
3994200 0
3994800 0
3995400 0
3996000 0
3996600 0
3997200 0
3997800 0
3998400 0
3999000 0
3999600 0
4000200 0
4000800 0
4001400 0
4002000 0
4002600 16
4003200 74
4003800 86
4004400 69
4005000 101
4005600 108
4006200 117
4006800 129
4007400 104
4008000 150
4008600 161
4009200 171
4009800 133
4010400 191
4011000 200
4011600 208
4012200 167
4012800 229
4013400 235
4014000 185
4014600 252
4015200 257
4015800 200
4016400 274
4017000 211
4017600 289
4018200 220
4018800 300
4019400 231
4020000 308
4020600 234
4021200 240
4021800 327
4022400 253
4023000 346
4023600 261
4024200 352
4024800 268
4025400 357
4026000 273
4026600 367
4027200 377
4027800 282
4028400 383
4029000 287
4029600 291
4030200 394
4030800 306
4031400 392
4032000 305
4032600 411
4033200 414
4033800 313
4034400 315
4035000 422
4035600 426
4036200 320
4036800 426
4037400 322
4038000 432
4038600 431
4039200 328
4039800 435
4040400 328
4041000 438
4041600 327
4042200 438
4042800 437
4043400 327
4044000 441
4044600 328
4045200 437
4045800 325
4046400 430
4047000 430
4047600 323
4048200 423
4048800 316
4049400 417
4050000 313
4050600 407
4051200 303
4051800 395
4052400 294
4053000 389
4053600 288
4054200 374
4054800 274
4055400 359
4056000 305
4056600 299
4057200 251
4057800 322
4058400 241
4059000 316
4059600 229
4060200 299
4060800 221
4061400 282
4062000 275
4062600 263
4063200 190
4063800 249
4064400 245
4065000 235
4065600 172
4066200 222
4066800 212
4067400 157
4068000 203
4068600 191
4069200 187
4069800 133
4070400 170
4071000 119
4071600 0
4072200 0
4072800 0
4073400 0
4074000 0
4074600 0
4075200 0
4075800 0
4076400 0
4077000 0
4077600 0
4078200 0
4078800 0
4079400 0
4080000 0
4080600 0
4081200 0
4081800 0
4082400 0
4083000 0
4083600 0
4084200 0
4084800 0
4085400 0
4086000 0
4086600 0
4087200 0
4087800 0
4088400 0
4089000 28
4089600 133
4090200 116
4090800 176
4091400 200
4092000 224
4092600 194
4093200 286
4093800 323
4094400 262
4095000 285
4095600 407
4096200 334
4096800 472
4097400 380
4098000 530
4098600 417
4099200 572
4099800 437
4100400 444
4101000 448
4101600 445
4102200 588
4102800 434
4103400 567
4104000 417
4104600 543
4105200 400
4105800 524
4106400 512
4107000 377
4107600 493
4108200 365
4108800 479
4109400 354
4110000 470
4110600 349
4111200 464
4111800 346
4112400 461
4113000 465
4113600 346
4114200 462
4114800 351
4115400 469
4116000 468
4116600 355
4117200 356
4117800 483
4118400 486
4119000 363
4119600 496
4120200 373
4120800 504
4121400 377
4122000 514
4122600 392
4123200 530
4123800 408
4124400 411
4125000 418
4125600 429
4126200 578
4126800 440
4127400 449
4128000 453
4128600 459
4129200 469
4129800 553
4130400 546
4131000 483
4131600 481
4132200 488
4132800 488
4133400 482
4134000 484
4134600 483
4135200 479
4135800 629
4136400 470
4137000 463
4137600 454
4138200 595
4138800 438
4139400 429
4140000 416
4140600 538
4141200 392
4141800 507
4142400 370
4143000 472
4143600 345
4144200 444
4144800 320
4145400 412
4146000 399
4146600 288
4147200 373
4147800 265
4148400 345
4149000 250
4149600 322
4150200 237
4150800 303
4151400 217
4152000 281
4152600 203
4153200 259
4153800 186
4154400 238
4155000 227
4155600 220
4156200 157
4156800 203
4157400 193
4158000 0
4158600 0
4159200 0
4159800 0
4160400 0
4161000 0
4161600 0
4162200 0
4162800 0
4163400 0
4164000 0
4164600 0
4165200 0
4165800 0
4166400 0
4167000 0
4167600 0
4168200 0
4168800 0
4169400 0
4170000 0
4170600 0
4171200 0
4171800 0
4172400 0
4173000 0
4173600 0
4174200 0
4174800 0
4175400 32
4176000 145
4176600 128
4177200 199
4177800 235
4178400 206
4179000 316
4179600 357
4180200 202
4180800 345
4181400 515
4182000 436
4182600 472
4183200 519
4183800 754
4184400 607
4185000 635
4185600 652
4186200 665
4186800 672
4187400 666
4188000 664
4188600 863
4189200 623
4189800 405
4190400 577
4191000 551
4191600 525
4192200 664
4192800 476
4193400 458
4194000 440
4194600 564
4195200 413
4195800 532
4196400 409
4197000 390
4197600 520
4198200 388
4198800 515
4199400 385
4200000 411
4200600 490
4201200 390
4201800 392
4202400 521
4203000 393
4203600 532
4204200 401
4204800 537
4205400 408
4206000 473
4206600 494
4207200 426
4207800 582
4208400 447
4209000 461
4209600 476
4210200 625
4210800 565
4211400 530
4212000 731
4212600 553
4213200 554
4213800 561
4214400 572
4215000 774
4215600 591
4216200 597
4216800 603
4217400 606
4218000 683
4218600 741
4219200 621
4219800 619
4220400 830
4221000 618
4221600 618
4222200 615
4222800 613
4223400 607
4224000 589
4224600 575
4225200 745
4225800 545
4226400 528
4227000 671
4227600 480
4228200 464
4228800 441
4229400 284
4230000 400
4230600 508
4231200 360
4231800 345
4232400 440
4233000 416
4233600 295
4234200 384
4234800 273
4235400 350
4236000 338
4236600 245
4237200 319
4237800 226
4238400 288
4239000 278
4239600 202
4240200 255
4240800 187
4241400 239
4242000 226
4242600 221
4243200 156
4243800 199
4244400 0
4245000 0
4245600 0
4246200 0
4246800 0
4247400 0
4248000 0
4248600 0
4249200 0
4249800 0
4250400 0
4251000 0
4251600 0
4252200 0
4252800 0
4253400 0
4254000 0
4254600 0
4255200 0
4255800 0
4256400 0
4257000 0
4257600 0
4258200 0
4258800 0
4259400 0
4260000 0
4260600 0
4261200 0
4261800 31
4262400 146
4263000 128
4263600 202
4264200 177
4264800 268
4265400 236
4266000 338
4266600 307
4267200 346
4267800 256
4268400 571
4269000 472
4269600 698
4270200 569
4270800 604
4271400 673
4272000 622
4272600 669
4273200 677
4273800 732
4274400 606
4275000 654
4275600 842
4276200 608
4276800 580
4277400 556
4278000 520
4278600 656
4279200 469
4279800 453
4280400 566
4281000 445
4281600 409
4282200 533
4282800 399
4283400 521
4284000 387
4284600 515
4285200 511
4285800 394
4286400 517
4287000 390
4287600 520
4288200 490
4288800 420
4289400 528
4290000 401
4290600 403
4291200 543
4291800 409
4292400 417
4293000 561
4293600 433
4294200 439
4294800 450
4295400 462
4296000 476
4296600 502
4297200 346
4297800 706
4298400 545
4299000 547
4299600 733
4300200 560
4300800 380
4301400 580
4302000 787
4302600 605
4303200 597
4303800 604
4304400 404
4305000 608
4305600 620
4306200 612
4306800 824
4307400 514
4308000 717
4308600 613
4309200 604
4309800 599
4310400 786
4311000 568
4311600 558
4312200 711
4312800 510
4313400 490
4314000 472
4314600 602
4315200 425
4315800 408
4316400 524
4317000 375
4317600 478
4318200 461
4318800 330
4319400 420
4320000 296
4320600 385
4321200 277
4321800 357
4322400 258
4323000 332
4323600 240
4324200 307
4324800 221
4325400 212
4326000 269
4326600 196
4327200 250
4327800 235
4328400 174
4329000 221
4329600 206
4330200 149
4330800 0
4331400 0
4332000 0
4332600 0
4333200 0
4333800 0
4334400 0
4335000 0
4335600 0
4336200 0
4336800 0
4337400 0
4338000 0
4338600 0
4339200 0
4339800 0
4340400 0
4341000 0
4341600 0
4342200 0
4342800 0
4343400 0
4344000 0
4344600 0
4345200 0
4345800 0
4346400 0
4347000 0
4347600 0
4348200 33
4348800 150
4349400 130
4350000 205
4350600 179
4351200 272
4351800 315
4352400 271
4353000 304
4353600 459
4354200 386
4354800 428
4355400 600
4356000 578
4356600 572
4357200 611
4357800 644
4358400 665
4359000 674
4359600 678
4360200 673
4360800 668
4361400 803
4362000 694
4362600 608
4363200 581
4363800 554
4364400 527
4365000 659
4365600 471
4366200 455
4366800 585
4367400 427
4368000 409
4368600 539
4369200 400
4369800 523
4370400 394
4371000 517
4371600 387
4372200 513
4372800 389
4373400 520
4374000 391
4374600 527
4375200 392
4375800 523
4376400 399
4377000 403
4377600 540
4378200 410
4378800 417
4379400 565
4380000 434
4380600 438
4381200 455
4381800 466
4382400 478
4383000 498
4383600 522
4384200 709
4384800 365
4385400 550
4386000 740
4386600 561
4387200 572
4387800 773
4388400 590
4389000 393
4389600 599
4390200 806
4390800 605
4391400 609
4392000 614
4392600 617
4393200 621
4393800 618
4394400 616
4395000 613
4395600 806
4396200 420
4396800 763
4397400 571
4398000 552
4398600 531
4399200 512
4399800 491
4400400 471
4401000 597
4401600 425
4402200 507
4402800 425
4403400 498
4404000 354
4404600 453
4405200 334
4405800 424
4406400 399
4407000 288
4407600 371
4408200 265
4408800 338
4409400 243
4410000 317
4410600 302
4411200 221
4411800 213
4412400 271
4413000 256
4413600 188
4414200 239
4414800 228
4415400 164
4416000 210
4416600 198
4417200 0
4417800 0
4418400 0
4419000 0
4419600 0
4420200 0
4420800 0
4421400 0
4422000 0
4422600 0
4423200 0
4423800 0
4424400 0
4425000 0
4425600 0
4426200 0
4426800 0
4427400 0
4428000 0
4428600 0
4429200 0
4429800 0
4430400 0
4431000 0
4431600 0
4432200 0
4432800 0
4433400 0
4434000 0
4434600 32
4435200 149
4435800 127
4436400 203
4437000 242
4437600 210
4438200 316
4438800 270
4439400 407
4440000 461
4440600 387
4441200 514
4441800 542
4442400 526
4443000 564
4443600 599
4444200 846
4444800 657
4445400 666
4446000 671
4446600 744
4447200 583
4447800 859
4448400 627
4449000 806
4449600 573
4450200 545
4450800 517
4451400 656
4452000 467
4452600 450
4453200 581
4453800 423
4454400 414
4455000 400
4455600 395
4456200 395
4456800 515
4457400 387
4458000 385
4458600 515
4459200 385
4459800 393
4460400 511
4461000 386
4461600 524
4462200 398
4462800 536
4463400 410
4464000 408
4464600 547
4465200 418
4465800 565
4466400 436
4467000 444
4467600 452
4468200 463
4468800 477
4469400 497
4470000 689
4470600 538
4471200 545
4471800 555
4472400 554
4473000 751
4473600 577
4474200 587
4474800 595
4475400 598
4476000 679
4476600 742
4477200 651
4477800 779
4478400 622
4479000 627
4479600 628
4480200 715
4480800 543
4481400 831
4482000 616
4482600 397
4483200 592
4483800 579
4484400 562
4485000 668
4485600 393
4486200 500
4486800 479
4487400 611
4488000 437
4488600 281
4489200 529
4489800 375
4490400 479
4491000 346
4491600 446
4492200 316
4492800 405
4493400 382
4494000 273
4494600 355
4495200 257
4495800 329
4496400 314
4497000 229
4497600 294
4498200 213
4498800 269
4499400 195
4500000 253
4500600 237
4501200 171
4501800 224
4502400 155
4503000 201
4503600 0
4504200 0
4504800 0
4505400 0
4506000 0
4506600 0
4507200 0
4507800 0
4508400 0
4509000 0
4509600 0
4510200 0
4510800 0
4511400 0
4512000 0
4512600 0
4513200 0
4513800 0
4514400 0
4515000 0
4515600 0
4516200 0
4516800 0
4517400 0
4518000 0
4518600 0
4519200 0
4519800 0
4520400 0
4521000 19
4521600 91
4522200 98
4522800 83
4523400 120
4524000 130
4524600 146
4525200 119
4525800 173
4526400 193
4527000 156
4527600 220
4528200 240
4528800 194
4529400 267
4530000 214
4530600 297
4531200 293
4531800 254
4532400 335
4533000 259
4533600 352
4534200 364
4534800 278
4535400 380
4536000 288
4536600 385
4537200 288
4537800 394
4538400 301
4539000 400
4539600 413
4540200 315
4540800 412
4541400 422
4542000 321
4542600 432
4543200 329
4543800 442
4544400 337
4545000 451
4545600 448
4546200 345
4546800 464
4547400 351
4548000 352
4548600 460
4549200 474
4549800 355
4550400 467
4551000 350
4551600 470
4552200 354
4552800 476
4553400 354
4554000 477
4554600 486
4555200 357
4555800 480
4556400 360
4557000 484
4557600 370
4558200 489
4558800 369
4559400 491
4560000 438
4560600 433
4561200 494
4561800 373
4562400 493
4563000 371
4563600 495
4564200 491
4564800 370
4565400 484
4566000 365
4566600 479
4567200 358
4567800 473
4568400 461
4569000 362
4569600 465
4570200 344
4570800 459
4571400 414
4572000 366
4572600 326
4573200 422
4573800 416
4574400 310
4575000 302
4575600 299
4576200 390
4576800 287
4577400 368
4578000 8
4578600 268
4579200 349
4579800 256
4580400 163
4581000 243
4581600 234
4582200 305
4582800 221
4583400 247
4584000 241
4584600 197
4585200 193
4585800 189
4586400 183
4587000 117
4587600 168
4588200 161
4588800 106
4589400 149
4590000 0
4590600 0
4591200 0
4591800 0
4592400 0
4593000 0
4593600 0
4594200 0
4594800 0
4595400 0
4596000 0
4596600 0
4597200 0
4597800 0
4598400 0
4599000 0
4599600 0
4600200 0
4600800 0
4601400 0
4602000 0
4602600 0
4603200 0
4603800 0
4604400 0
4605000 0
4605600 0
4606200 0
4606800 0
4607400 18
4608000 59
4608600 61
4609200 69
4609800 75
4610400 77
4611000 85
4611600 98
4612200 102
4612800 108
4613400 79
4614000 129
4614600 131
4615200 133
4615800 111
4616400 154
4617000 127
4617600 154
4618200 178
4618800 124
4619400 189
4620000 129
4620600 200
4621200 133
4621800 206
4622400 143
4623000 220
4623600 147
4624200 228
4624800 152
4625400 99
4626000 218
4626600 163
4627200 167
4627800 171
4628400 173
4629000 260
4629600 181
4630200 176
4630800 178
4631400 219
4632000 243
4632600 186
4633200 189
4633800 193
4634400 291
4635000 199
4635600 198
4636200 238
4636800 258
4637400 133
4638000 73
4638600 35
4639200 58
4639800 42
4640400 60
4641000 49
4641600 61
4642200 47
4642800 58
4643400 49
4644000 221
4644600 354
4645200 413
4645800 327
4646400 415
4647000 351
4647600 327
4648200 434
4648800 324
4649400 431
4650000 323
4650600 324
4651200 323
4651800 427
4652400 320
4653000 427
4653600 315
4654200 313
4654800 411
4655400 300
4656000 395
4656600 293
4657200 292
4657800 378
4658400 286
4659000 279
4659600 360
4660200 268
4660800 346
4661400 251
4662000 306
4662600 268
4663200 318
4663800 235
4664400 303
4665000 223
4665600 290
4666200 209
4666800 204
4667400 266
4668000 254
4668600 186
4669200 237
4669800 180
4670400 174
4671000 218
4671600 163
4672200 211
4672800 200
4673400 146
4674000 186
4674600 175
4675200 125
4675800 160
4676400 0
4677000 0
4677600 0
4678200 0
4678800 0
4679400 0
4680000 0
4680600 0
4681200 0
4681800 0
4682400 0
4683000 0
4683600 0
4684200 0
4684800 0
4685400 0
4686000 0
4686600 0
4687200 0
4687800 0
4688400 0
4689000 0
4689600 0
4690200 0
4690800 0
4691400 0
4692000 0
4692600 0
4693200 0
4693800 31
4694400 144
4695000 128
4695600 199
4696200 238
4696800 204
4697400 313
4698000 353
4698600 320
4699200 346
4699800 471
4700400 481
4701000 319
4701600 695
4702200 565
4702800 599
4703400 635
4704000 659
4704600 668
4705200 670
4705800 513
4706400 710
4707000 524
4707600 623
4708200 800
4708800 574
4709400 542
4710000 512
4710600 485
4711200 617
4711800 447
4712400 292
4713000 559
4713600 403
4714200 534
4714800 395
4715400 515
4716000 384
4716600 511
4717200 386
4717800 385
4718400 520
4719000 383
4719600 514
4720200 389
4720800 424
4721400 494
4722000 399
4722600 534
4723200 405
4723800 411
4724400 417
4725000 425
4725600 573
4726200 369
4726800 367
4727400 364
4728000 423
4728600 499
4729200 515
4729800 705
4730400 546
4731000 548
4731600 550
4732200 746
4732800 572
4733400 772
4734000 592
4734600 596
4735200 600
4735800 610
4736400 612
4737000 611
4737600 617
4738200 620
4738800 621
4739400 416
4740000 825
4740600 409
4741200 606
4741800 601
4742400 784
4743000 572
4743600 548
4744200 534
4744800 510
4745400 488
4746000 627
4746600 443
4747200 509
4747800 456
4748400 384
4749000 494
4749600 466
4750200 340
4750800 435
4751400 310
4752000 398
4752600 380
4753200 270
4753800 349
4754400 251
4755000 325
4755600 235
4756200 301
4756800 218
4757400 279
4758000 198
4758600 257
4759200 247
4759800 177
4760400 227
4761000 220
4761600 202
4762200 148
4762800 0
4763400 0
4764000 0
4764600 0
4765200 0
4765800 0
4766400 0
4767000 0
4767600 0
4768200 0
4768800 0
4769400 0
4770000 0
4770600 0
4771200 0
4771800 0
4772400 0
4773000 0
4773600 0
4774200 0
4774800 0
4775400 0
4776000 0
4776600 0
4777200 0
4777800 0
4778400 0
4779000 0
4779600 0
4780200 31
4780800 148
4781400 130
4782000 199
4782600 238
4783200 202
4783800 314
4784400 269
4785000 408
4785600 341
4786200 515
4786800 423
4787400 476
4788000 702
4788600 567
4789200 599
4789800 631
4790400 649
4791000 666
4791600 674
4792200 669
4792800 666
4793400 650
4794000 632
4794600 608
4795200 580
4795800 542
4796400 518
4797000 494
4797600 471
4798200 599
4798800 434
4799400 420
4800000 543
4800600 403
4801200 528
4801800 389
4802400 518
4803000 386
4803600 514
4804200 385
4804800 517
4805400 390
4806000 520
4806600 387
4807200 524
4807800 396
4808400 397
4809000 535
4809600 405
4810200 409
4810800 553
4811400 417
4812000 427
4812600 440
4813200 447
4813800 461
4814400 470
4815000 515
4815600 610
4816200 387
4816800 537
4817400 362
4818000 550
4818600 742
4819200 570
4819800 581
4820400 592
4821000 594
4821600 685
4822200 723
4822800 610
4823400 612
4824000 619
4824600 625
4825200 619
4825800 620
4826400 613
4827000 613
4827600 607
4828200 599
4828800 590
4829400 572
4830000 555
4830600 541
4831200 519
4831800 536
4832400 586
4833000 448
4833600 475
4834200 505
4834800 391
4835400 494
4836000 470
4836600 336
4837200 428
4837800 313
4838400 399
4839000 289
4839600 369
4840200 266
4840800 341
4841400 293
4842000 270
4842600 304
4843200 217
4843800 277
4844400 200
4845000 254
4845600 186
4846200 236
4846800 225
4847400 216
4848000 158
4848600 198
4849200 0
4849800 0
4850400 0
4851000 0
4851600 0
4852200 0
4852800 0
4853400 0
4854000 0
4854600 0
4855200 0
4855800 0
4856400 0
4857000 0
4857600 0
4858200 0
4858800 0
4859400 0
4860000 0
4860600 0
4861200 0
4861800 0
4862400 0
4863000 0
4863600 0
4864200 0
4864800 0
4865400 0
4866000 0
4866600 32
4867200 147
4867800 128
4868400 197
4869000 237
4869600 206
4870200 315
4870800 335
4871400 343
4872000 460
4872600 389
4873200 582
4873800 320
4874400 522
4875000 758
4875600 606
4876200 635
4876800 439
4877400 895
4878000 674
4878600 784
4879200 766
4879800 655
4880400 630
4881000 606
4881600 610
4882200 510
4882800 685
4883400 489
4884000 473
4884600 456
4885200 594
4885800 432
4886400 555
4887000 405
4887600 532
4888200 523
4888800 386
4889400 517
4890000 518
4890600 388
4891200 519
4891800 391
4892400 527
4893000 523
4893600 398
4894200 533
4894800 405
4895400 541
4896000 412
4896600 472
4897200 506
4897800 426
4898400 430
4899000 584
4899600 451
4900200 460
4900800 473
4901400 648
4902000 338
4902600 561
4903200 671
4903800 362
4904400 726
4905000 553
4905600 561
4906200 564
4906800 579
4907400 586
4908000 589
4908600 590
4909200 595
4909800 604
4910400 608
4911000 820
4911600 411
4912200 820
4912800 612
4913400 620
4914000 791
4914600 596
4915200 580
4915800 568
4916400 551
4917000 708
4917600 508
4918200 323
4918800 463
4919400 516
4920000 503
4920600 411
4921200 520
4921800 493
4922400 355
4923000 458
4923600 330
4924200 416
4924800 303
4925400 291
4926000 375
4926600 353
4927200 257
4927800 330
4928400 239
4929000 303
4929600 217
4930200 280
4930800 267
4931400 192
4932000 249
4932600 176
4933200 229
4933800 222
4934400 209
